local CutsceneCF = {
	{CFrame.new(-0.000275,4.695038,28.153076,1.000000,0.000000,0.000000,-0.000000,0.993494,0.113885,-0.000000,-0.113885,0.993494), FOV = 70.0000},
	{CFrame.new(-0.001678,4.219940,24.158127,0.927487,0.057751,-0.369369,-0.015390,0.993057,0.116621,0.373540,-0.102480,0.921936), FOV = 50.4878},
	{CFrame.new(-0.003632,3.554749,18.565491,0.606333,0.122597,-0.785704,-0.032753,0.991056,0.129363,0.794536,-0.052703,0.604926), FOV = 50.4878},
	{CFrame.new(-0.005463,2.941528,13.415924,0.158447,0.151447,-0.975684,-0.040263,0.988336,0.146872,0.986546,0.016013,0.162696), FOV = 50.9756},
	{CFrame.new(-0.006744,2.501831,9.729187,-0.190902,0.149750,-0.970119,-0.039577,0.986317,0.160038,0.980811,0.068946,-0.182363), FOV = 51.9512},
	{CFrame.new(-0.007751,2.152466,6.813553,-0.450465,0.135077,-0.882517,-0.035226,0.985030,0.168748,0.892099,0.107103,-0.438963), FOV = 52.4390},
	{CFrame.new(-0.008484,1.891266,4.641266,-0.621715,0.117542,-0.774373,-0.030269,0.984331,0.173713,0.782658,0.131439,-0.608416), FOV = 52.9268},
	{CFrame.new(-0.009155,1.651062,2.661514,-0.753742,0.097483,-0.649900,-0.024602,0.984058,0.176139,0.656710,0.148752,-0.739327), FOV = 52.9268},
	{CFrame.new(-0.009705,1.449341,1.016907,-0.842967,0.078687,-0.532180,-0.019360,0.984167,0.176184,0.537617,0.158820,-0.828097), FOV = 53.4146},
	{CFrame.new(-0.010071,1.293427,-0.230255,-0.896832,0.063695,-0.437761,-0.015197,0.984560,0.174388,0.442110,0.163049,-0.882017), FOV = 54.3902},
	{CFrame.new(-0.010406,1.158417,-1.286453,-0.932878,0.050908,-0.356578,-0.011683,0.985164,0.171217,0.360004,0.163891,-0.918443), FOV = 54.3902},
	{CFrame.new(-0.010681,1.021027,-2.324600,-0.959811,0.038666,-0.277970,-0.008376,0.986076,0.166086,0.280521,0.161739,-0.946123), FOV = 54.8780},
	{CFrame.new(-0.010803,0.933167,-2.955246,-0.972002,0.031676,-0.232828,-0.006479,0.986882,0.161315,0.234883,0.158307,-0.959046), FOV = 55.8537},
	{CFrame.new(-0.010925,0.852295,-3.506180,-0.980312,0.025991,-0.195736,-0.004948,0.987754,0.155941,0.197392,0.153839,-0.968179), FOV = 56.3415},
	{CFrame.new(-0.011047,0.761108,-4.102997,-0.987291,0.020286,-0.157624,-0.003482,0.988820,0.149073,0.158886,0.147727,-0.976182), FOV = 56.3415},
	{CFrame.new(-0.011169,0.683258,-4.588348,-0.991584,0.016046,-0.128468,-0.002459,0.989777,0.142599,0.129443,0.141715,-0.981408), FOV = 56.8293},
	{CFrame.new(-0.011230,0.618591,-4.967346,-0.994091,0.013093,-0.107754,-0.001763,0.990620,0.136632,0.108532,0.136015,-0.984744), FOV = 57.8049},
	{CFrame.new(-0.011292,0.556763,-5.316452,-0.995898,0.010616,-0.089860,-0.001216,0.991434,0.130605,0.090477,0.130178,-0.987354), FOV = 57.8049},
	{CFrame.new(-0.011353,0.495483,-5.634155,-0.997079,0.008703,-0.075873,-0.000777,0.992277,0.124037,0.076367,0.123733,-0.989373), FOV = 58.2927},
	{CFrame.new(-0.011383,0.428070,-5.959351,-0.997945,0.007070,-0.063691,-0.000386,0.993214,0.116301,0.064081,0.116086,-0.991170), FOV = 58.7805},
	{CFrame.new(-0.011414,0.367950,-6.225082,-0.998435,0.005998,-0.055598,-0.000100,0.994038,0.109037,0.055920,0.108872,-0.992482), FOV = 59.7561},
	{CFrame.new(-0.011414,0.306580,-6.485031,-0.998804,0.005104,-0.048627,0.000145,0.994841,0.101444,0.048894,0.101315,-0.993652), FOV = 59.7561},
	{CFrame.new(-0.011444,0.233093,-6.777954,-0.999110,0.004277,-0.041953,0.000386,0.995731,0.092306,0.042169,0.092208,-0.994846), FOV = 60.2439},
	{CFrame.new(-0.011475,0.178864,-6.980286,-0.999262,0.003825,-0.038214,0.000541,0.996330,0.085588,0.038401,0.085504,-0.995598), FOV = 61.2195},
	{CFrame.new(-0.011475,0.106995,-7.237778,-0.999418,0.003334,-0.033934,0.000715,0.997040,0.076885,0.034090,0.076816,-0.996462), FOV = 61.2195},
	{CFrame.new(-0.011505,0.051147,-7.425232,-0.999504,0.003049,-0.031350,0.000834,0.997517,0.070426,0.031487,0.070365,-0.997024), FOV = 62.1951},
	{CFrame.new(-0.011627,-0.006927,-7.611771,-0.999575,0.002804,-0.029002,0.000941,0.997945,0.064067,0.029122,0.064013,-0.997524), FOV = 62.1951},
	{CFrame.new(-0.011810,-0.061462,-7.777054,-0.999627,0.002624,-0.027190,0.001029,0.998286,0.058516,0.027297,0.058466,-0.997916), FOV = 62.6829},
	{CFrame.new(-0.012329,-0.116516,-7.933578,-0.999667,0.002481,-0.025688,0.001105,0.998572,0.053419,0.025784,0.053373,-0.998242), FOV = 63.1707},
	{CFrame.new(-0.013000,-0.157623,-8.042084,-0.999689,0.002400,-0.024839,0.001155,0.998748,0.050020,0.024928,0.049976,-0.998439), FOV = 64.1463},
	{CFrame.new(-0.014130,-0.206512,-8.166275,-0.999709,0.002319,-0.024004,0.001208,0.998932,0.046193,0.024086,0.046150,-0.998644), FOV = 64.1463},
	{CFrame.new(-0.015289,-0.240204,-8.246704,-0.999718,0.002276,-0.023637,0.001239,0.999040,0.043796,0.023714,0.043754,-0.998761), FOV = 65.1219},
	{CFrame.new(-0.016937,-0.277222,-8.332748,-0.999724,0.002236,-0.023391,0.001268,0.999146,0.041305,0.023464,0.041264,-0.998873), FOV = 65.1219},
	{CFrame.new(-0.018494,-0.303131,-8.390610,-0.999724,0.002213,-0.023384,0.001283,0.999210,0.039709,0.023454,0.039668,-0.998938), FOV = 66.0976},
	{CFrame.new(-0.020660,-0.330353,-8.449799,-0.999718,0.002193,-0.023623,0.001291,0.999271,0.038155,0.023690,0.038114,-0.998993), FOV = 66.0976},
	{CFrame.new(-0.022614,-0.348694,-8.488342,-0.999709,0.002184,-0.024029,0.001288,0.999306,0.037222,0.024094,0.037180,-0.999018), FOV = 67.0732},
	{CFrame.new(-0.025146,-0.368103,-8.528580,-0.999693,0.002175,-0.024668,0.001279,0.999340,0.036317,0.024730,0.036274,-0.999036), FOV = 67.0732},
	{CFrame.new(-0.027435,-0.381012,-8.554733,-0.999676,0.002171,-0.025378,0.001261,0.999357,0.035829,0.025440,0.035786,-0.999036), FOV = 68.0488},
	{CFrame.new(-0.030121,-0.393463,-8.579834,-0.999652,0.002166,-0.026289,0.001233,0.999370,0.035460,0.026349,0.035415,-0.999025), FOV = 68.0488},
	{CFrame.new(-0.032593,-0.402344,-8.597580,-0.999628,0.002161,-0.027201,0.001200,0.999376,0.035313,0.027260,0.035267,-0.999006), FOV = 68.5366},
	{CFrame.new(-0.035797,-0.411011,-8.614929,-0.999593,0.002151,-0.028446,0.001144,0.999373,0.035386,0.028504,0.035339,-0.998969), FOV = 69.0244},
	{CFrame.new(-0.038696,-0.416656,-8.626312,-0.999558,0.002139,-0.029638,0.001080,0.999362,0.035687,0.029695,0.035639,-0.998923), FOV = 70.0000},
	{CFrame.new(-0.041565,-0.421448,-8.636017,-0.999520,0.002121,-0.030893,0.001003,0.999346,0.036159,0.030949,0.036111,-0.998868), FOV = 70.0000},
	{CFrame.new(-0.044220,-0.425049,-8.643387,-0.999481,0.002101,-0.032145,0.000917,0.999323,0.036791,0.032201,0.036742,-0.998806), FOV = 69.3939},
	{CFrame.new(-0.046661,-0.428192,-8.650101,-0.999436,0.002100,-0.033504,0.000838,0.999291,0.037628,0.033560,0.037578,-0.998730), FOV = 68.7879},
	{CFrame.new(-0.048370,-0.430267,-8.654816,-0.999397,0.002117,-0.034660,0.000783,0.999260,0.038458,0.034716,0.038407,-0.998659), FOV = 67.5758},
	{CFrame.new(-0.049622,-0.431549,-8.658188,-0.999358,0.002158,-0.035754,0.000748,0.999224,0.039384,0.035811,0.039332,-0.998584), FOV = 66.9697},
	{CFrame.new(-0.050598,-0.432281,-8.660812,-0.999318,0.002228,-0.036860,0.000736,0.999181,0.040446,0.036920,0.040391,-0.998502), FOV = 66.9697},
	{CFrame.new(-0.051270,-0.432373,-8.662689,-0.999273,0.002339,-0.038043,0.000749,0.999129,0.041733,0.038107,0.041674,-0.998404), FOV = 66.3636},
	{CFrame.new(-0.051605,-0.431854,-8.663620,-0.999232,0.002479,-0.039101,0.000795,0.999074,0.043012,0.039171,0.042948,-0.998309), FOV = 65.7576},
	{CFrame.new(-0.051666,-0.430878,-8.663925,-0.999191,0.002648,-0.040126,0.000867,0.999015,0.044355,0.040203,0.044284,-0.998210), FOV = 65.1515},
	{CFrame.new(-0.051575,-0.429626,-8.663712,-0.999150,0.002846,-0.041117,0.000965,0.998954,0.045713,0.041204,0.045634,-0.998108), FOV = 64.5455},
	{CFrame.new(-0.051331,-0.428009,-8.663010,-0.999105,0.003089,-0.042176,0.001095,0.998884,0.047217,0.042275,0.047128,-0.997994), FOV = 63.9394},
	{CFrame.new(-0.050568,-0.426758,-8.662140,-0.999069,0.003403,-0.042997,0.001320,0.998828,0.048377,0.043112,0.048275,-0.997903), FOV = 62.7273},
	{CFrame.new(-0.049316,-0.425354,-8.660980,-0.999027,0.003832,-0.043929,0.001646,0.998763,0.049689,0.044065,0.049568,-0.997798), FOV = 62.7273},
	{CFrame.new(-0.046661,-0.424408,-8.659790,-0.998984,0.004671,-0.044822,0.002387,0.998702,0.050883,0.045002,0.050724,-0.997698), FOV = 62.1212},
	{CFrame.new(-0.043121,-0.423889,-8.658630,-0.998942,0.005766,-0.045630,0.003393,0.998646,0.051915,0.045868,0.051705,-0.997608), FOV = 61.5152},
	{CFrame.new(-0.040497,-0.423248,-8.656067,-0.998898,0.006965,-0.046410,0.004514,0.998600,0.052709,0.046712,0.052441,-0.997531), FOV = 60.9091},
	{CFrame.new(-0.038330,-0.422455,-8.652115,-0.998849,0.008349,-0.047232,0.005823,0.998557,0.053380,0.047610,0.053043,-0.997457), FOV = 60.3030},
	{CFrame.new(-0.036835,-0.419891,-8.636276,-0.998793,0.009878,-0.048109,0.007279,0.998520,0.053898,0.048570,0.053483,-0.997387), FOV = 59.6970},
	{CFrame.new(-0.036072,-0.416351,-8.613739,-0.998740,0.011279,-0.048890,0.008623,0.998492,0.054218,0.049427,0.053728,-0.997332), FOV = 59.0909},
	{CFrame.new(-0.036255,-0.408234,-8.561234,-0.998679,0.013030,-0.049705,0.010322,0.998469,0.054345,0.050337,0.053760,-0.997284), FOV = 58.4849},
	{CFrame.new(-0.036438,-0.401947,-8.520523,-0.998629,0.014387,-0.050337,0.011640,0.998449,0.054444,0.051042,0.053784,-0.997247), FOV = 57.8788},
	{CFrame.new(-0.036530,-0.396057,-8.482330,-0.998580,0.015659,-0.050929,0.012876,0.998429,0.054538,0.051703,0.053805,-0.997212), FOV = 57.2727},
	{CFrame.new(-0.036652,-0.392059,-8.456512,-0.998545,0.016520,-0.051330,0.013711,0.998414,0.054602,0.052151,0.053819,-0.997188), FOV = 56.6667},
	{CFrame.new(-0.036713,-0.388123,-8.430923,-0.998510,0.017373,-0.051727,0.014539,0.998399,0.054666,0.052594,0.053832,-0.997164), FOV = 56.0606},
	{CFrame.new(-0.036804,-0.385529,-8.414200,-0.998487,0.017930,-0.051986,0.015080,0.998389,0.054707,0.052883,0.053841,-0.997148), FOV = 55.4545},
	{CFrame.new(-0.036835,-0.383026,-8.397873,-0.998464,0.018474,-0.052239,0.015608,0.998378,0.054748,0.053166,0.053849,-0.997133), FOV = 54.8485},
	{CFrame.new(-0.036896,-0.381531,-8.388351,-0.998450,0.018792,-0.052387,0.015917,0.998372,0.054772,0.053331,0.053854,-0.997124), FOV = 54.2424},
	{CFrame.new(-0.036926,-0.380188,-8.379532,-0.998437,0.019086,-0.052524,0.016202,0.998366,0.054795,0.053484,0.053858,-0.997115), FOV = 53.6364},
	{CFrame.new(-0.036926,-0.379333,-8.374008,-0.998429,0.019270,-0.052610,0.016381,0.998363,0.054809,0.053580,0.053861,-0.997110), FOV = 53.0303},
	{CFrame.new(-0.036957,-0.378571,-8.369110,-0.998422,0.019433,-0.052686,0.016539,0.998359,0.054821,0.053664,0.053863,-0.997105), FOV = 52.4242},
	{CFrame.new(-0.036926,-0.378296,-8.367310,-0.998419,0.019493,-0.052713,0.016597,0.998358,0.054825,0.053696,0.053864,-0.997104), FOV = 51.2121},
	{CFrame.new(-0.036957,-0.378021,-8.365616,-0.998417,0.019550,-0.052740,0.016653,0.998357,0.054830,0.053725,0.053865,-0.997102), FOV = 51.2121},
	{CFrame.new(-0.036987,-0.377899,-8.364746,-0.998416,0.019579,-0.052753,0.016680,0.998356,0.054832,0.053740,0.053865,-0.997101), FOV = 50.6061},
	{CFrame.new(-0.036957,-0.377838,-8.364334,-0.998415,0.019592,-0.052760,0.016694,0.998356,0.054833,0.053747,0.053865,-0.997101), FOV = 50.0000},
	{CFrame.new(-0.036957,-0.377808,-8.364182,-0.998415,0.019597,-0.052762,0.016699,0.998356,0.054833,0.053750,0.053865,-0.997101), FOV = 50.0000},
	{CFrame.new(-0.036957,-0.377808,-8.364151,-0.998415,0.019599,-0.052762,0.016700,0.998356,0.054833,0.053750,0.053865,-0.997100), FOV = 50.0000},
	{CFrame.new(-0.036957,-0.377808,-8.364151,-0.998415,0.019599,-0.052763,0.016700,0.998356,0.054833,0.053750,0.053865,-0.997100), FOV = 50.0000},
	{CFrame.new(-0.150085,0.080963,-5.651474,-0.997209,0.010431,-0.073934,0.006127,0.998286,0.058207,0.074414,0.057591,-0.995563), FOV = 50.0000},
	{CFrame.new(-0.151855,0.083832,-5.651047,-0.997062,0.008021,-0.076180,0.003358,0.998124,0.061142,0.076527,0.060707,-0.995218), FOV = 50.0000},
	{CFrame.new(-0.153625,0.086700,-5.650635,-0.996904,0.005613,-0.078420,0.000579,0.997945,0.064074,0.078619,0.063831,-0.994859), FOV = 50.0000},
	{CFrame.new(-0.155548,0.088409,-5.650192,-0.996761,0.004428,-0.080300,-0.000876,0.997826,0.065898,0.080417,0.065755,-0.994590), FOV = 50.0000},
	{CFrame.new(-0.157440,0.090118,-5.649750,-0.996612,0.003244,-0.082178,-0.002336,0.997701,0.067722,0.082209,0.067684,-0.994314), FOV = 50.0000},
	{CFrame.new(-0.159576,0.090973,-5.649338,-0.996488,0.002850,-0.083683,-0.002920,0.997630,0.068749,0.083681,0.068752,-0.994118), FOV = 50.0000},
	{CFrame.new(-0.161743,0.091827,-5.648926,-0.996362,0.002458,-0.085187,-0.003505,0.997556,0.069777,0.085151,0.069822,-0.993919), FOV = 50.0000},
	{CFrame.new(-0.164246,0.092163,-5.648560,-0.996265,0.002426,-0.086317,-0.003663,0.997518,0.070318,0.086273,0.070372,-0.993783), FOV = 50.0000},
	{CFrame.new(-0.166748,0.092499,-5.648193,-0.996166,0.002396,-0.087445,-0.003821,0.997479,0.070859,0.087395,0.070922,-0.993646), FOV = 50.0000},
	{CFrame.new(-0.169739,0.092590,-5.647888,-0.996100,0.002400,-0.088195,-0.003898,0.997457,0.071170,0.088142,0.071236,-0.993557), FOV = 50.0000},
	{CFrame.new(-0.172729,0.092682,-5.647598,-0.996034,0.002404,-0.088943,-0.003975,0.997434,0.071480,0.088887,0.071550,-0.993468), FOV = 50.0000},
	{CFrame.new(-0.176514,0.092468,-5.647400,-0.995999,0.002498,-0.089325,-0.003923,0.997423,0.071635,0.089274,0.071699,-0.993423), FOV = 50.0000},
	{CFrame.new(-0.180267,0.092255,-5.647202,-0.995965,0.002592,-0.089708,-0.003871,0.997412,0.071790,0.089662,0.071847,-0.993377), FOV = 50.0000},
	{CFrame.new(-0.185272,0.091705,-5.646973,-0.995947,0.002822,-0.089896,-0.003663,0.997406,0.071886,0.089866,0.071924,-0.993353), FOV = 50.0000},
	{CFrame.new(-0.190308,0.091156,-5.646744,-0.995930,0.003052,-0.090083,-0.003454,0.997400,0.071983,0.090069,0.072001,-0.993329), FOV = 50.0000},
	{CFrame.new(-0.197113,0.090515,-5.646332,-0.995910,0.003432,-0.090287,-0.003102,0.997390,0.072135,0.090298,0.072120,-0.993300), FOV = 50.0000},
	{CFrame.new(-0.203857,0.089874,-5.645905,-0.995890,0.003812,-0.090489,-0.002750,0.997380,0.072286,0.090527,0.072238,-0.993271), FOV = 50.0000},
	{CFrame.new(-0.212952,0.089355,-5.645126,-0.995849,0.004355,-0.090921,-0.002267,0.997358,0.072607,0.090997,0.072512,-0.993208), FOV = 50.0000},
	{CFrame.new(-0.222046,0.088867,-5.644348,-0.995807,0.004899,-0.091351,-0.001784,0.997335,0.072928,0.091465,0.072785,-0.993145), FOV = 50.0000},
	{CFrame.new(-0.233917,0.088745,-5.643051,-0.995711,0.005635,-0.092345,-0.001176,0.997293,0.073529,0.092510,0.073322,-0.993008), FOV = 50.0000},
	{CFrame.new(-0.245789,0.088623,-5.641769,-0.995614,0.006371,-0.093338,-0.000568,0.997248,0.074131,0.093554,0.073858,-0.992871), FOV = 50.0000},
	{CFrame.new(-0.260803,0.089050,-5.639832,-0.995392,0.007275,-0.095617,0.000070,0.997173,0.075141,0.095893,0.074788,-0.992578), FOV = 50.0000},
	{CFrame.new(-0.275848,0.089478,-5.637924,-0.995164,0.008181,-0.097891,0.000706,0.997096,0.076154,0.098230,0.075717,-0.992279), FOV = 50.0000},
	{CFrame.new(-0.293304,0.090393,-5.635437,-0.994776,0.008889,-0.101698,0.000962,0.996973,0.077737,0.102082,0.077233,-0.991773), FOV = 50.0000},
	{CFrame.new(-0.310791,0.091309,-5.632965,-0.994373,0.009605,-0.105500,0.001212,0.996848,0.079325,0.105929,0.078750,-0.991250), FOV = 50.0000},
	{CFrame.new(-0.323395,0.092224,-5.631058,-0.994024,0.009936,-0.108704,0.001146,0.996743,0.080629,0.109152,0.080023,-0.990799), FOV = 50.0000},
	{CFrame.new(-0.335999,0.093109,-5.629166,-0.993666,0.010273,-0.111906,0.001076,0.996637,0.081937,0.112372,0.081297,-0.990335), FOV = 50.0000},
	{CFrame.new(-0.348633,0.094025,-5.627274,-0.993297,0.010613,-0.115105,0.001001,0.996528,0.083246,0.115589,0.082573,-0.989859), FOV = 50.0000},
	{CFrame.new(-0.367950,0.095764,-5.624283,-0.992688,0.011001,-0.120210,0.000714,0.996356,0.085285,0.120710,0.084576,-0.989078), FOV = 50.0000},
	{CFrame.new(-0.387268,0.097473,-5.621307,-0.992052,0.011400,-0.125308,0.000417,0.996179,0.087329,0.125824,0.086583,-0.988267), FOV = 50.0000},
	{CFrame.new(-0.406219,0.099518,-5.618378,-0.991379,0.011758,-0.130495,0.000080,0.996019,0.089136,0.131023,0.088358,-0.987434), FOV = 50.0000},
	{CFrame.new(-0.425171,0.101532,-5.615448,-0.990679,0.012125,-0.135675,-0.000267,0.995856,0.090948,0.136216,0.090136,-0.986570), FOV = 50.0000},
	{CFrame.new(-0.442841,0.103577,-5.612762,-0.990024,0.012343,-0.140357,-0.000666,0.995735,0.092258,0.140897,0.091431,-0.985793), FOV = 50.0000},
	{CFrame.new(-0.460480,0.105621,-5.610092,-0.989347,0.012566,-0.145034,-0.001071,0.995612,0.093570,0.145573,0.092729,-0.984992), FOV = 50.0000},
	{CFrame.new(-0.474152,0.107452,-5.608002,-0.989151,0.012722,-0.146353,-0.001209,0.995504,0.094713,0.146900,0.093862,-0.984688), FOV = 50.0000},
	{CFrame.new(-0.487854,0.109283,-5.605911,-0.988953,0.012880,-0.147670,-0.001350,0.995394,0.095856,0.148225,0.094996,-0.984381), FOV = 50.0000},
	{CFrame.new(-0.497803,0.112213,-5.604370,-0.988850,0.013094,-0.148341,-0.001442,0.995239,0.097458,0.148911,0.096585,-0.984122), FOV = 50.0000},
	{CFrame.new(-0.507782,0.115173,-5.602829,-0.988746,0.013308,-0.149009,-0.001535,0.995080,0.099060,0.149594,0.098174,-0.983862), FOV = 50.0000},
	{CFrame.new(-0.514404,0.121033,-5.601761,-0.988707,0.013694,-0.149236,-0.001590,0.994802,0.101816,0.149854,0.100903,-0.983546), FOV = 50.0000},
	{CFrame.new(-0.520996,0.126862,-5.600708,-0.988668,0.014080,-0.149457,-0.001645,0.994516,0.104571,0.150110,0.103632,-0.983223), FOV = 50.0000},
	{CFrame.new(-0.524597,0.137360,-5.600067,-0.988660,0.014749,-0.149445,-0.001673,0.994021,0.109171,0.150161,0.108183,-0.982725), FOV = 50.0000},
	{CFrame.new(-0.528137,0.147858,-5.599442,-0.988654,0.015419,-0.149415,-0.001700,0.993506,0.113769,0.150199,0.112732,-0.982208), FOV = 50.0000},
	{CFrame.new(-0.528442,0.163788,-5.599197,-0.989198,0.016317,-0.145677,-0.001326,0.992748,0.120205,0.146582,0.119099,-0.982003), FOV = 50.0000},
	{CFrame.new(-0.528687,0.179718,-5.598938,-0.989731,0.017188,-0.141902,-0.000928,0.991951,0.126620,0.142936,0.125451,-0.981749), FOV = 50.0000},
	{CFrame.new(-0.527740,0.198212,-5.598175,-0.990160,0.017816,-0.138798,-0.000736,0.991186,0.132472,0.139934,0.131271,-0.981421), FOV = 50.0000},
	{CFrame.new(-0.526825,0.216705,-5.597382,-0.990584,0.018422,-0.135665,-0.000524,0.990389,0.138309,0.136909,0.137077,-0.981053), FOV = 50.0000},
	{CFrame.new(-0.524353,0.235138,-5.594299,-0.990721,0.018813,-0.134604,-0.000624,0.989734,0.142922,0.135911,0.141680,-0.980538), FOV = 50.0000},
	{CFrame.new(-0.521881,0.253540,-5.591217,-0.990859,0.019198,-0.133527,-0.000718,0.989058,0.147530,0.134898,0.146278,-0.980003), FOV = 50.0000},
	{CFrame.new(-0.515656,0.269592,-5.583923,-0.990942,0.019495,-0.132871,-0.000783,0.988551,0.150885,0.134291,0.149623,-0.979581), FOV = 50.0000},
	{CFrame.new(-0.509430,0.285614,-5.576614,-0.991025,0.019790,-0.132206,-0.000846,0.988033,0.154238,0.133677,0.152965,-0.979149), FOV = 50.0000},
	{CFrame.new(-0.497223,0.296936,-5.563202,-0.991269,0.020105,-0.130316,-0.000517,0.987708,0.156313,0.131856,0.155015,-0.979073), FOV = 50.0000},
	{CFrame.new(-0.484955,0.308289,-5.549774,-0.991509,0.020415,-0.128421,-0.000184,0.987378,0.158384,0.130033,0.157063,-0.978991), FOV = 50.0000},
	{CFrame.new(-0.464478,0.312592,-5.528290,-0.992107,0.020847,-0.123649,0.000910,0.987254,0.159148,0.125391,0.157780,-0.979481), FOV = 48.7500},
	{CFrame.new(-0.430695,0.316833,-5.499283,-0.992984,0.021547,-0.116273,0.002696,0.987129,0.159902,0.118222,0.158467,-0.980261), FOV = 46.2500},
	{CFrame.new(-0.390686,0.316681,-5.476700,-0.993849,0.022362,-0.108462,0.004763,0.987125,0.159882,0.110641,0.158382,-0.981159), FOV = 46.2500},
	{CFrame.new(-0.337372,0.316498,-5.446579,-0.994907,0.023440,-0.098037,0.007507,0.987116,0.159829,0.100521,0.158279,-0.982264), FOV = 45.0000},
	{CFrame.new(-0.246796,0.315186,-5.418274,-0.996301,0.024708,-0.082304,0.011350,0.987218,0.158971,0.085180,0.157449,-0.983847), FOV = 42.5000},
	{CFrame.new(-0.192413,0.314392,-5.401291,-0.997018,0.025463,-0.072854,0.013637,0.987276,0.158431,0.075961,0.156965,-0.984679), FOV = 42.5000},
	{CFrame.new(-0.119995,0.313324,-5.378601,-0.997833,0.026463,-0.060244,0.016665,0.987349,0.157682,0.063655,0.156337,-0.985650), FOV = 41.2500},
	{CFrame.new(0.043427,0.308960,-5.346848,-0.999139,0.027444,-0.031107,0.022324,0.987756,0.154400,0.034963,0.153572,-0.987519), FOV = 40.0000},
	{CFrame.new(0.206848,0.304565,-5.314896,-0.999593,0.028446,-0.001946,0.027826,0.988141,0.151008,0.006218,0.150893,-0.988531), FOV = 42.9412},
	{CFrame.new(0.424286,0.296021,-5.291138,-0.998830,0.028015,0.039429,0.033436,0.988961,0.144352,-0.034950,0.145501,-0.988741), FOV = 45.8824},
	{CFrame.new(0.641693,0.287384,-5.267044,-0.996367,0.027903,0.080463,0.038807,0.989768,0.137310,-0.075808,0.139934,-0.987255), FOV = 48.8235},
	{CFrame.new(0.979919,0.269684,-5.254211,-0.988592,0.025294,0.148476,0.043876,0.991406,0.123243,-0.144083,0.128352,-0.981206), FOV = 54.7059},
	{CFrame.new(1.182831,0.258972,-5.246048,-0.981690,0.024168,0.188948,0.046448,0.992349,0.114391,-0.184738,0.121072,-0.975302), FOV = 54.7059},
	{CFrame.new(1.569611,0.083923,-5.340286,-0.964159,0.009524,0.265155,0.028671,0.997244,0.068434,-0.263772,0.073583,-0.961774), FOV = 60.5882},
	{CFrame.new(1.801453,-0.021179,-5.396118,-0.950851,0.002379,0.309641,0.015712,0.999053,0.040571,-0.309251,0.043442,-0.949988), FOV = 60.5882},
	{CFrame.new(2.159607,-0.319122,-5.605881,-0.932132,-0.022942,0.361390,-0.029729,0.999470,-0.013229,-0.360895,-0.023074,-0.932321), FOV = 66.4706},
	{CFrame.new(2.374207,-0.497803,-5.731247,-0.919599,-0.036714,0.391140,-0.058970,0.997243,-0.045037,-0.388408,-0.064482,-0.919229), FOV = 66.4706},
	{CFrame.new(2.640778,-0.767120,-5.941528,-0.905795,-0.060829,0.419327,-0.104860,0.991039,-0.082746,-0.410535,-0.118921,-0.904057), FOV = 72.3529},
	{CFrame.new(2.800598,-0.928619,-6.067505,-0.897053,-0.074696,0.435565,-0.133013,0.985544,-0.104930,-0.421431,-0.152064,-0.894020), FOV = 72.3529},
	{CFrame.new(2.895905,-1.028534,-6.143799,-0.891233,-0.083139,0.445860,-0.149628,0.981914,-0.115996,-0.428153,-0.170092,-0.887555), FOV = 75.2941},
	{CFrame.new(2.991211,-1.128418,-6.220016,-0.885279,-0.091429,0.455984,-0.166364,0.977862,-0.126922,-0.434285,-0.188221,-0.880891), FOV = 78.2353},
	{CFrame.new(3.007721,-1.136963,-6.217056,-0.882916,-0.090791,0.460670,-0.166252,0.978015,-0.125887,-0.439112,-0.187735,-0.878599), FOV = 81.1765},
	{CFrame.new(3.026276,-1.146576,-6.212616,-0.880207,-0.090027,0.465973,-0.165927,0.978256,-0.124429,-0.444639,-0.186841,-0.876006), FOV = 87.0588},
	{CFrame.new(3.032654,-1.149689,-6.208298,-0.879242,-0.089646,0.467864,-0.165308,0.978521,-0.123167,-0.446773,-0.185635,-0.875176), FOV = 87.0588},
	{CFrame.new(3.041138,-1.153839,-6.202545,-0.877949,-0.089142,0.470381,-0.164477,0.978871,-0.121484,-0.449613,-0.184024,-0.874061), FOV = 90.0000},
	{CFrame.new(3.044281,-1.155121,-6.196945,-0.877425,-0.088907,0.471404,-0.163450,0.979283,-0.119537,-0.451010,-0.181936,-0.873779), FOV = 88.8571},
	{CFrame.new(3.047424,-1.156372,-6.191345,-0.876900,-0.088674,0.472424,-0.162419,0.979690,-0.117590,-0.452402,-0.179845,-0.873492), FOV = 86.5714},
	{CFrame.new(3.047913,-1.156250,-6.188858,-0.876792,-0.088847,0.472591,-0.161702,0.980027,-0.115759,-0.452866,-0.177916,-0.873646), FOV = 86.5714},
	{CFrame.new(3.048401,-1.156128,-6.186371,-0.876686,-0.089021,0.472754,-0.160984,0.980359,-0.113928,-0.453327,-0.175985,-0.873798), FOV = 85.4286},
	{CFrame.new(3.048401,-1.155731,-6.186630,-0.876802,-0.089482,0.472453,-0.160570,0.980618,-0.112267,-0.453250,-0.174298,-0.874177), FOV = 83.1429},
	{CFrame.new(3.048431,-1.155487,-6.186798,-0.876871,-0.089758,0.472271,-0.160322,0.980773,-0.111271,-0.453203,-0.173286,-0.874402), FOV = 83.1429},
	{CFrame.new(3.048431,-1.154785,-6.187424,-0.877226,-0.090113,0.471545,-0.160043,0.980931,-0.110273,-0.452616,-0.172202,-0.874920), FOV = 80.8571},
	{CFrame.new(3.048431,-1.154388,-6.187805,-0.877438,-0.090326,0.471108,-0.159875,0.981025,-0.109674,-0.452263,-0.171551,-0.875230), FOV = 80.8571},
	{CFrame.new(3.048370,-1.153442,-6.188400,-0.877799,-0.090525,0.470397,-0.159760,0.981084,-0.109321,-0.451603,-0.171112,-0.875657), FOV = 78.5714},
	{CFrame.new(3.048370,-1.152863,-6.188766,-0.878016,-0.090645,0.469970,-0.159691,0.981119,-0.109109,-0.451206,-0.170849,-0.875913), FOV = 78.5714},
	{CFrame.new(3.048340,-1.152100,-6.189255,-0.878304,-0.090804,0.469401,-0.159600,0.981165,-0.108826,-0.450678,-0.170498,-0.876253), FOV = 77.4286},
	{CFrame.new(3.048279,-1.149994,-6.190125,-0.878846,-0.091039,0.468340,-0.159525,0.981200,-0.108619,-0.449646,-0.170171,-0.876847), FOV = 76.2857},
	{CFrame.new(3.048187,-1.147064,-6.191238,-0.879539,-0.091341,0.466978,-0.159443,0.981241,-0.108375,-0.448319,-0.169777,-0.877602), FOV = 74.0000},
	{CFrame.new(3.048126,-1.144470,-6.191956,-0.879995,-0.091544,0.466077,-0.159419,0.981256,-0.108266,-0.447430,-0.169575,-0.878095), FOV = 74.0000},
	{CFrame.new(3.048035,-1.141052,-6.192917,-0.880603,-0.091814,0.464874,-0.159387,0.981278,-0.108120,-0.446244,-0.169306,-0.878750), FOV = 71.7143},
	{CFrame.new(3.047913,-1.135956,-6.193878,-0.881240,-0.092159,0.463598,-0.159375,0.981306,-0.107878,-0.444990,-0.168952,-0.879454), FOV = 71.7143},
	{CFrame.new(3.047791,-1.129059,-6.195068,-0.882031,-0.092618,0.462000,-0.159360,0.981349,-0.107512,-0.443426,-0.168453,-0.880339), FOV = 69.4286},
	{CFrame.new(3.047699,-1.123688,-6.195755,-0.882499,-0.092961,0.461036,-0.159351,0.981391,-0.107141,-0.442497,-0.168018,-0.880890), FOV = 69.4286},
	{CFrame.new(3.047577,-1.116516,-6.196640,-0.883121,-0.093419,0.459749,-0.159339,0.981447,-0.106646,-0.441257,-0.167437,-0.881622), FOV = 67.1429},
	{CFrame.new(3.047424,-1.106964,-6.197403,-0.883695,-0.094029,0.458522,-0.159307,0.981550,-0.105741,-0.440119,-0.166488,-0.882370), FOV = 67.1429},
	{CFrame.new(3.047241,-1.094299,-6.198334,-0.884388,-0.094838,0.457017,-0.159257,0.981694,-0.104468,-0.438743,-0.165173,-0.883302), FOV = 64.8571},
	{CFrame.new(3.047150,-1.085022,-6.198761,-0.884751,-0.095437,0.456188,-0.159203,0.981820,-0.103364,-0.438030,-0.164078,-0.883860), FOV = 64.8571},
	{CFrame.new(3.047028,-1.072662,-6.199341,-0.885235,-0.096234,0.455081,-0.159132,0.981985,-0.101892,-0.437077,-0.162616,-0.884601), FOV = 62.5714},
	{CFrame.new(3.046875,-1.057159,-6.199615,-0.885593,-0.097260,0.454165,-0.159000,0.982232,-0.099695,-0.436400,-0.160501,-0.885322), FOV = 62.5714},
	{CFrame.new(3.046692,-1.041656,-6.199921,-0.885951,-0.098283,0.453245,-0.158870,0.982474,-0.097498,-0.435719,-0.158385,-0.886038), FOV = 61.4286},
	{CFrame.new(3.041931,-1.022064,-6.194412,-0.886184,-0.099584,0.452505,-0.158726,0.982784,-0.094564,-0.435297,-0.155625,-0.886734), FOV = 60.2857},
	{CFrame.new(3.037170,-1.002502,-6.188889,-0.886419,-0.100883,0.451757,-0.158583,0.983084,-0.091630,-0.434871,-0.152864,-0.887423), FOV = 59.1428},
	{CFrame.new(3.023560,-0.978577,-6.172516,-0.886712,-0.102274,0.450868,-0.158474,0.983380,-0.088598,-0.434313,-0.150012,-0.888183), FOV = 58.0000},
	{CFrame.new(3.010010,-0.954620,-6.156143,-0.887007,-0.103663,0.449969,-0.158366,0.983666,-0.085567,-0.433749,-0.147159,-0.888935), FOV = 56.8571},
	{CFrame.new(2.988098,-0.926819,-6.129654,-0.887599,-0.104829,0.448530,-0.158272,0.983879,-0.083257,-0.432571,-0.144889,-0.889882), FOV = 54.5714},
	{CFrame.new(2.958801,-0.891205,-6.094177,-0.888472,-0.106147,0.446486,-0.158156,0.984106,-0.080757,-0.430818,-0.142364,-0.891139), FOV = 53.4286},
	{CFrame.new(2.936584,-0.867828,-6.067245,-0.889314,-0.106617,0.444694,-0.158082,0.984165,-0.080181,-0.429104,-0.141604,-0.892086), FOV = 53.4286},
	{CFrame.new(2.897736,-0.828125,-6.020172,-0.890890,-0.107231,0.441380,-0.157894,0.984244,-0.079580,-0.425892,-0.140588,-0.893785), FOV = 51.1429},
	{CFrame.new(2.870148,-0.802490,-5.986725,-0.892261,-0.107202,0.438609,-0.157616,0.984248,-0.080075,-0.423116,-0.140580,-0.895104), FOV = 51.1429},
	{CFrame.new(2.822510,-0.759064,-5.928986,-0.894702,-0.107017,0.433654,-0.157028,0.984261,-0.081080,-0.418152,-0.140638,-0.897424), FOV = 49.6000},
	{CFrame.new(2.789978,-0.731323,-5.889542,-0.896572,-0.106575,0.429885,-0.156373,0.984279,-0.082116,-0.414376,-0.140845,-0.899142), FOV = 49.6000},
	{CFrame.new(2.734283,-0.684448,-5.821960,-0.899809,-0.105714,0.423283,-0.155157,0.984312,-0.084000,-0.407763,-0.141259,-0.902095), FOV = 48.8000},
	{CFrame.new(2.697327,-0.654846,-5.777039,-0.902102,-0.104894,0.418581,-0.154140,0.984341,-0.085524,-0.403055,-0.141671,-0.904144), FOV = 48.8000},
	{CFrame.new(2.648041,-0.615356,-5.717102,-0.905119,-0.103809,0.412291,-0.152775,0.984376,-0.087543,-0.396762,-0.142224,-0.906836), FOV = 48.4000},
	{CFrame.new(2.611694,-0.587616,-5.672745,-0.907472,-0.102772,0.407347,-0.151564,0.984406,-0.089288,-0.391819,-0.142765,-0.908898), FOV = 47.6000},
	{CFrame.new(2.575348,-0.559875,-5.628357,-0.909798,-0.101742,0.402388,-0.150346,0.984434,-0.091022,-0.386864,-0.143309,-0.910933), FOV = 47.6000},
	{CFrame.new(2.524170,-0.521301,-5.565857,-0.913070,-0.100227,0.395295,-0.148556,0.984471,-0.093530,-0.379783,-0.144123,-0.913780), FOV = 46.8000},
	{CFrame.new(2.479797,-0.488739,-5.511459,-0.915962,-0.098758,0.388923,-0.146853,0.984502,-0.095867,-0.373427,-0.144925,-0.916269), FOV = 46.8000},
	{CFrame.new(2.420624,-0.445312,-5.438904,-0.919746,-0.096820,0.380387,-0.144565,0.984535,-0.098954,-0.364923,-0.146003,-0.919518), FOV = 46.0000},
	{CFrame.new(2.357513,-0.400452,-5.361084,-0.923846,-0.094500,0.370915,-0.141865,0.984564,-0.102505,-0.355503,-0.147319,-0.922992), FOV = 45.6000},
	{CFrame.new(2.294373,-0.355560,-5.283218,-0.927844,-0.092211,0.361390,-0.139141,0.984582,-0.106013,-0.346042,-0.148647,-0.926369), FOV = 45.2000},
	{CFrame.new(2.227936,-0.309540,-5.200760,-0.932068,-0.089584,0.351033,-0.136028,0.984589,-0.109917,-0.335776,-0.150200,-0.929890), FOV = 45.2000},
	{CFrame.new(2.161469,-0.263550,-5.118256,-0.936171,-0.086995,0.340612,-0.132886,0.984580,-0.113768,-0.325463,-0.151769,-0.933295), FOV = 44.8000},
	{CFrame.new(2.092346,-0.216736,-5.031815,-0.940412,-0.084111,0.329471,-0.129383,0.984554,-0.117949,-0.314462,-0.153549,-0.936769), FOV = 44.4000},
	{CFrame.new(2.023224,-0.169922,-4.945358,-0.944512,-0.081274,0.318262,-0.125848,0.984511,-0.122068,-0.303412,-0.155347,-0.940111), FOV = 44.0000},
	{CFrame.new(1.952057,-0.122681,-4.855637,-0.948670,-0.078187,0.306450,-0.121982,0.984445,-0.126449,-0.291796,-0.157339,-0.943451), FOV = 43.6000},
	{CFrame.new(1.880890,-0.075409,-4.765869,-0.952672,-0.075153,0.294563,-0.118082,0.984357,-0.130757,-0.280128,-0.159351,-0.946644), FOV = 42.8000},
	{CFrame.new(1.790283,-0.016174,-4.650452,-0.957627,-0.071112,0.279095,-0.112832,0.984211,-0.136376,-0.264990,-0.162088,-0.950530), FOV = 42.4000},
	{CFrame.new(1.735870,0.019379,-4.581177,-0.960472,-0.068733,0.269759,-0.109657,0.984105,-0.139687,-0.255870,-0.163746,-0.952742), FOV = 42.4000},
	{CFrame.new(1.644318,0.078339,-4.463318,-0.965109,-0.064566,0.253764,-0.104045,0.983892,-0.145369,-0.240290,-0.166700,-0.956280), FOV = 41.6000},
	{CFrame.new(1.589386,0.113739,-4.392578,-0.967756,-0.062115,0.244111,-0.100653,0.983745,-0.148712,-0.230905,-0.168487,-0.958277), FOV = 41.6000},
	{CFrame.new(1.516113,0.160339,-4.297043,-0.971170,-0.058720,0.231041,-0.095925,0.983520,-0.153250,-0.218234,-0.170994,-0.960799), FOV = 40.8000},
	{CFrame.new(1.442810,0.206970,-4.201477,-0.974398,-0.055396,0.217899,-0.091165,0.983271,-0.157695,-0.205518,-0.173522,-0.963147), FOV = 40.4000},
	{CFrame.new(1.370148,0.252686,-4.105362,-0.977444,-0.051996,0.204692,-0.086247,0.982990,-0.162149,-0.192779,-0.176146,-0.965302), FOV = 40.4000},
	{CFrame.new(1.297424,0.298431,-4.009232,-0.980301,-0.048668,0.191418,-0.081299,0.982683,-0.166507,-0.180000,-0.178789,-0.967282), FOV = 39.6000},
	{CFrame.new(1.208160,0.354034,-3.889236,-0.983577,-0.044480,0.174921,-0.074988,0.982260,-0.171879,-0.164172,-0.182174,-0.969464), FOV = 39.2000},
	{CFrame.new(1.154572,0.387421,-3.817200,-0.985402,-0.042022,0.164976,-0.071180,0.981987,-0.175030,-0.154649,-0.184218,-0.970643), FOV = 39.2000},
	{CFrame.new(1.067719,0.441071,-3.698196,-0.988155,-0.037934,0.148697,-0.064788,0.981502,-0.180156,-0.139112,-0.187656,-0.972334), FOV = 38.4000},
	{CFrame.new(1.015564,0.473297,-3.626785,-0.989670,-0.035535,0.138889,-0.060935,0.981193,-0.183160,-0.129768,-0.189731,-0.973223), FOV = 38.4000},
	{CFrame.new(0.948669,0.514313,-3.533081,-0.991475,-0.032374,0.126208,-0.055832,0.980767,-0.187029,-0.117725,-0.192481,-0.974213), FOV = 37.6000},
	{CFrame.new(0.881744,0.555328,-3.439346,-0.993109,-0.029283,0.113479,-0.050708,0.980317,-0.190805,-0.105658,-0.195244,-0.975047), FOV = 37.6000},
	{CFrame.new(0.818054,0.594086,-3.347839,-0.994510,-0.026274,0.101291,-0.045686,0.979860,-0.194389,-0.094144,-0.197949,-0.975681), FOV = 37.2000},
	{CFrame.new(0.754364,0.632843,-3.256302,-0.995753,-0.023331,0.089065,-0.040648,0.979382,-0.197886,-0.082611,-0.200666,-0.976170), FOV = 36.8000},
	{CFrame.new(0.714508,0.656952,-3.197205,-0.996453,-0.021440,0.081380,-0.037406,0.979067,-0.200073,-0.075387,-0.202407,-0.976395), FOV = 36.4000},
	{CFrame.new(0.674683,0.681061,-3.138123,-0.997090,-0.019575,0.073682,-0.034158,0.978744,-0.202224,-0.068157,-0.204152,-0.976564), FOV = 36.0000},
	{CFrame.new(0.634827,0.705170,-3.079025,-0.997664,-0.017736,0.065969,-0.030906,0.978412,-0.204340,-0.060920,-0.205902,-0.976675), FOV = 35.2000},
	{CFrame.new(0.579651,0.738373,-2.993988,-0.998358,-0.015118,0.055249,-0.026279,0.977933,-0.207261,-0.050897,-0.208373,-0.976724), FOV = 35.2000},
	{CFrame.new(0.524445,0.771606,-2.908951,-0.998930,-0.012552,0.044505,-0.021643,0.977437,-0.210114,-0.040863,-0.210853,-0.976663), FOV = 34.8000},
	{CFrame.new(0.474457,0.801514,-2.828201,-0.999344,-0.010163,0.034751,-0.017331,0.976970,-0.212669,-0.031789,-0.213132,-0.976506), FOV = 34.4000},
	{CFrame.new(0.424500,0.831451,-2.747452,-0.999657,-0.007818,0.024977,-0.013013,0.976491,-0.215167,-0.022708,-0.215419,-0.976258), FOV = 34.0000},
	{CFrame.new(0.380402,0.857727,-2.671692,-0.999850,-0.005678,0.016335,-0.009094,0.976054,-0.217340,-0.014710,-0.217456,-0.975959), FOV = 33.6000},
	{CFrame.new(0.336304,0.884003,-2.595947,-0.999964,-0.003574,0.007678,-0.005172,0.975606,-0.219467,-0.006706,-0.219499,-0.975590), FOV = 33.2000},
	{CFrame.new(0.298737,0.906281,-2.525894,-0.999999,-0.001748,0.000031,-0.001711,0.975219,-0.221236,0.000356,-0.221235,-0.975220), FOV = 32.8000},
	{CFrame.new(0.253601,0.933075,-2.439926,-0.999961,0.000501,-0.008840,0.002463,0.974740,-0.223327,0.008505,-0.223340,-0.974703), FOV = 32.0000},
	{CFrame.new(0.230804,0.946533,-2.392197,-0.999910,0.001679,-0.013334,0.004628,0.974498,-0.224348,0.012617,-0.224390,-0.974418), FOV = 32.0000},
	{CFrame.new(0.194824,0.967804,-2.314423,-0.999785,0.003568,-0.020435,0.008094,0.974109,-0.225936,0.019100,-0.226052,-0.973928), FOV = 31.2000},
	{CFrame.new(0.177979,0.977753,-2.272018,-0.999707,0.004524,-0.023771,0.009796,0.973929,-0.226644,0.022126,-0.226810,-0.973688), FOV = 31.2000},
	{CFrame.new(0.152008,0.993073,-2.203293,-0.999564,0.006038,-0.028911,0.012468,0.973649,-0.227709,0.026775,-0.227971,-0.973300), FOV = 30.4000},
	{CFrame.new(0.141541,0.999237,-2.166763,-0.999497,0.006757,-0.030993,0.013655,0.973544,-0.228093,0.028632,-0.228401,-0.973146), FOV = 30.4000},
	{CFrame.new(0.125153,1.008881,-2.097916,-0.999381,0.008026,-0.034254,0.015654,0.973387,-0.228631,0.031508,-0.229026,-0.972910), FOV = 42.8571},
	{CFrame.new(0.121521,1.011017,-2.067764,-0.999352,0.008491,-0.034984,0.016276,0.973367,-0.228675,0.032110,-0.229096,-0.972874), FOV = 55.7143},
	{CFrame.new(0.131531,0.992126,-2.030746,-0.999327,0.009277,-0.035476,0.016731,0.976248,-0.216008,0.032630,-0.216456,-0.975747), FOV = 68.5714},
	{CFrame.new(0.172455,0.929016,-2.010025,-0.999370,0.010290,-0.033960,0.016169,0.983959,-0.177663,0.031587,-0.178100,-0.983505), FOV = 81.4286},
	{CFrame.new(0.227386,0.844940,-1.981934,-0.999480,0.011661,-0.030057,0.015368,0.991884,-0.126215,0.028341,-0.126612,-0.991547), FOV = 94.2857},
	{CFrame.new(0.281952,0.765106,-1.971603,-0.999513,0.013364,-0.028210,0.014188,0.999472,-0.029243,0.027804,-0.029629,-0.999174), FOV = 107.1429},
	{CFrame.new(0.337952,0.685272,-1.959442,-0.999714,0.014629,-0.018937,0.013317,0.997619,0.067666,0.019882,0.067394,-0.997528), FOV = 107.1429},
	{CFrame.new(0.076935,0.699463,-7.145966,-0.999782,0.016593,-0.012697,0.014177,0.985157,0.171065,0.015347,0.170847,-0.985178), FOV = 119.8571},
	{CFrame.new(0.070465,0.699707,-7.145844,-0.999765,0.017541,-0.012699,0.015112,0.985144,0.171065,0.015511,0.170833,-0.985178), FOV = 119.7143},
	{CFrame.new(0.051117,0.700439,-7.145462,-0.999712,0.020387,-0.012700,0.017916,0.985097,0.171065,0.015998,0.170788,-0.985178), FOV = 119.7143},
	{CFrame.new(0.025269,0.701416,-7.144974,-0.999627,0.024182,-0.012691,0.021657,0.985021,0.171066,0.016637,0.170727,-0.985178), FOV = 119.5714},
	{CFrame.new(0.053345,0.691711,-7.147003,-0.999627,0.024182,-0.012691,0.021657,0.985021,0.171066,0.016637,0.170727,-0.985178), FOV = 119.4286},
	{CFrame.new(0.074402,0.684418,-7.148544,-0.999627,0.024182,-0.012691,0.021657,0.985021,0.171066,0.016637,0.170727,-0.985178), FOV = 119.1428},
	{CFrame.new(0.053375,0.691711,-7.147018,-0.999627,0.024182,-0.012691,0.021657,0.985021,0.171066,0.016637,0.170727,-0.985178), FOV = 119.1428},
	{CFrame.new(0.025269,0.701416,-7.144974,-0.999627,0.024182,-0.012691,0.021657,0.985021,0.171066,0.016637,0.170727,-0.985178), FOV = 118.8571},
	{CFrame.new(0.043976,0.694946,-7.146332,-0.999627,0.024182,-0.012691,0.021657,0.985021,0.171066,0.016637,0.170727,-0.985178), FOV = 118.8571},
	{CFrame.new(0.067383,0.686859,-7.148026,-0.999627,0.024182,-0.012691,0.021657,0.985021,0.171066,0.016637,0.170727,-0.985178), FOV = 118.5714},
	{CFrame.new(0.081421,0.682007,-7.149063,-0.999627,0.024182,-0.012691,0.021657,0.985021,0.171066,0.016637,0.170727,-0.985178), FOV = 118.5714},
	{CFrame.new(0.053345,0.691711,-7.147018,-0.999627,0.024182,-0.012691,0.021657,0.985021,0.171066,0.016637,0.170727,-0.985178), FOV = 118.4286},
	{CFrame.new(0.025269,0.701416,-7.144974,-0.999627,0.024182,-0.012691,0.021657,0.985021,0.171066,0.016637,0.170727,-0.985178), FOV = 118.2857},
	{CFrame.new(0.060394,0.689270,-7.147522,-0.999627,0.024182,-0.012691,0.021657,0.985021,0.171066,0.016637,0.170727,-0.985178), FOV = 118.0000},
	{CFrame.new(0.081421,0.682007,-7.149063,-0.999627,0.024182,-0.012691,0.021657,0.985021,0.171066,0.016637,0.170727,-0.985178), FOV = 117.8571},
	{CFrame.new(0.053345,0.691711,-7.147018,-0.999627,0.024182,-0.012691,0.021657,0.985021,0.171065,0.016637,0.170727,-0.985178), FOV = 117.8571},
	{CFrame.new(0.025269,0.701416,-7.144974,-0.999627,0.024182,-0.012691,0.021657,0.985021,0.171066,0.016637,0.170727,-0.985178), FOV = 117.7143},
	{CFrame.new(0.053345,0.691711,-7.147003,-0.999627,0.024182,-0.012691,0.021657,0.985021,0.171066,0.016637,0.170727,-0.985178), FOV = 117.5714},
	{CFrame.new(0.081421,0.682007,-7.149063,-0.999627,0.024182,-0.012691,0.021657,0.985021,0.171066,0.016637,0.170727,-0.985178), FOV = 117.2857},
	{CFrame.new(0.053345,0.691711,-7.147003,-0.999627,0.024182,-0.012691,0.021657,0.985021,0.171066,0.016637,0.170727,-0.985178), FOV = 117.2857},
	{CFrame.new(0.025269,0.701416,-7.144974,-0.999627,0.024182,-0.012691,0.021657,0.985021,0.171066,0.016637,0.170727,-0.985178), FOV = 117.0000},
	{CFrame.new(0.053345,0.691711,-7.147003,-0.999627,0.024182,-0.012691,0.021657,0.985021,0.171066,0.016637,0.170727,-0.985178), FOV = 116.8571},
	{CFrame.new(0.074371,0.684418,-7.148544,-0.999627,0.024182,-0.012691,0.021657,0.985021,0.171066,0.016637,0.170727,-0.985178), FOV = 116.7143},
	{CFrame.new(0.053345,0.691711,-7.147003,-0.999627,0.024182,-0.012691,0.021657,0.985021,0.171066,0.016637,0.170727,-0.985178), FOV = 116.7143},
	{CFrame.new(0.032288,0.698975,-7.145477,-0.999627,0.024182,-0.012691,0.021657,0.985021,0.171066,0.016637,0.170727,-0.985178), FOV = 116.4286},
	{CFrame.new(0.053345,0.691711,-7.147018,-0.999627,0.024182,-0.012691,0.021657,0.985021,0.171066,0.016637,0.170727,-0.985178), FOV = 116.4286},
	{CFrame.new(0.074371,0.684418,-7.148544,-0.999627,0.024182,-0.012691,0.021657,0.985021,0.171066,0.016637,0.170727,-0.985178), FOV = 116.1429},
