local CutsceneCF = {
	{CFrame.new(1.750015,1.515656,12.542259,1.000000,-0.000000,-0.000000,0.000000,0.999825,-0.018694,0.000000,0.018694,0.999825), FOV = 70.0000},
	{CFrame.new(1.407639,1.219116,10.088455,1.000000,-0.000000,-0.000000,0.000000,0.999887,-0.015037,0.000000,0.015037,0.999887), FOV = 70.0000},
	{CFrame.new(1.321243,1.145966,9.357025,0.999527,-0.006147,0.030118,0.006539,0.999895,-0.012926,-0.030036,0.013116,0.999463), FOV = 70.0000},
	{CFrame.new(1.189682,1.038177,7.995499,0.989468,-0.029330,0.141751,0.030407,0.999523,-0.005441,-0.141524,0.009694,0.989887), FOV = 70.0000},
	{CFrame.new(1.142853,1.002075,7.360123,0.974272,-0.046036,0.220625,0.046974,0.998896,0.000995,-0.220427,0.009394,0.975358), FOV = 70.0000},
	{CFrame.new(1.082291,0.960785,6.170975,0.907305,-0.087507,0.411266,0.086016,0.996047,0.022172,-0.411581,0.015259,0.911246), FOV = 70.0000},
	{CFrame.new(1.067291,0.954468,5.612839,0.848680,-0.111255,0.517073,0.107015,0.993526,0.038123,-0.517967,0.022980,0.855092), FOV = 70.0000},
	{CFrame.new(1.065506,0.960785,5.068550,0.763058,-0.137642,0.631504,0.129083,0.989831,0.059769,-0.633309,0.035909,0.773065), FOV = 70.0000},
	{CFrame.new(1.062317,0.972137,4.091614,0.570380,-0.179085,0.801621,0.159862,0.981483,0.105519,-0.805674,0.067963,0.588447), FOV = 70.0000},
	{CFrame.new(1.060883,0.977234,3.653809,0.470612,-0.194574,0.860619,0.169516,0.977150,0.128223,-0.865903,0.085546,0.492842), FOV = 70.0000},
	{CFrame.new(1.058289,0.986359,2.867996,0.276381,-0.216687,0.936301,0.179847,0.968701,0.171097,-0.944070,0.121103,0.306701), FOV = 70.0000},
	{CFrame.new(1.057129,0.990448,2.515839,0.184876,-0.224012,0.956891,0.181459,0.964714,0.190785,-0.965864,0.138365,0.219002), FOV = 70.0000},
	{CFrame.new(1.055069,0.997803,1.883766,0.017098,-0.232870,0.972357,0.179601,0.957397,0.226129,-0.983591,0.170770,0.058193), FOV = 70.0000},
	{CFrame.new(1.054138,1.001099,1.600517,-0.058525,-0.234996,0.970233,0.176799,0.954095,0.241752,-0.982506,0.185684,-0.014292), FOV = 70.0000},
	{CFrame.new(1.052460,1.006989,1.092094,-0.193116,-0.235894,0.952397,0.168775,0.948215,0.269080,-0.966551,0.212704,-0.143302), FOV = 70.0000},
	{CFrame.new(1.051697,1.009644,0.864258,-0.252414,-0.235077,0.938630,0.163963,0.945621,0.280920,-0.953626,0.224809,-0.200144), FOV = 70.0000},
	{CFrame.new(1.050369,1.014404,0.455315,-0.356344,-0.231729,0.905163,0.153512,0.941073,0.301356,-0.921658,0.246340,-0.299773), FOV = 70.0000},
	{CFrame.new(1.049774,1.016541,0.272057,-0.401606,-0.229452,0.886603,0.148100,0.939091,0.310121,-0.903758,0.255852,-0.343163), FOV = 70.0000},
	{CFrame.new(1.048691,1.020355,-0.056885,-0.480351,-0.224184,0.847941,0.137308,0.935640,0.325154,-0.866262,0.272617,-0.418653), FOV = 70.0000},
	{CFrame.new(1.048203,1.022064,-0.204300,-0.514466,-0.221340,0.828452,0.132040,0.934143,0.331574,-0.847284,0.279973,-0.451360), FOV = 70.0000},
	{CFrame.new(1.047333,1.025116,-0.468880,-0.573657,-0.215502,0.790239,0.121950,0.931546,0.342564,-0.809967,0.292884,-0.508108), FOV = 70.0000},
	{CFrame.new(1.046951,1.026489,-0.587448,-0.599267,-0.212586,0.771808,0.117175,0.930421,0.347255,-0.791928,0.298535,-0.532661), FOV = 70.0000},
	{CFrame.new(1.046249,1.028961,-0.800262,-0.643702,-0.206901,0.736776,0.108230,0.928469,0.355290,-0.757584,0.308443,-0.575265), FOV = 70.0000},
	{CFrame.new(1.045944,1.030060,-0.895638,-0.662947,-0.204169,0.720290,0.104072,0.927623,0.358726,-0.741398,0.312778,-0.593717), FOV = 70.0000},
	{CFrame.new(1.045380,1.032043,-1.066818,-0.696397,-0.198987,0.689519,0.096388,0.926152,0.364626,-0.711155,0.320385,-0.625790), FOV = 70.0000},
	{CFrame.new(1.044891,1.033752,-1.214874,-0.724152,-0.194223,0.661726,0.089524,0.924930,0.369445,-0.683805,0.326774,-0.652403), FOV = 70.0000},
	{CFrame.new(1.044678,1.034515,-1.281219,-0.736224,-0.192005,0.648929,0.086385,0.924399,0.371516,-0.671202,0.329577,-0.663978), FOV = 70.0000},
	{CFrame.new(1.044479,1.035248,-1.342934,-0.747242,-0.189897,0.636842,0.083432,0.923913,0.373394,-0.659294,0.332149,-0.674544), FOV = 70.0000},
	{CFrame.new(1.044098,1.036530,-1.453697,-0.766506,-0.186007,0.614711,0.078054,0.923065,0.376642,-0.637476,0.336679,-0.693016), FOV = 70.0000},
	{CFrame.new(1.043930,1.037109,-1.503326,-0.774922,-0.184220,0.604615,0.075612,0.922694,0.378047,-0.627518,0.338673,-0.701086), FOV = 70.0000},
	{CFrame.new(1.043640,1.038147,-1.592407,-0.789683,-0.180946,0.586224,0.071182,0.922043,0.380487,-0.609371,0.342193,-0.715241), FOV = 70.0000},
	{CFrame.new(1.043518,1.038605,-1.632332,-0.796153,-0.179451,0.577873,0.069178,0.921757,0.381547,-0.601128,0.343746,-0.721446), FOV = 70.0000},
	{CFrame.new(1.043274,1.039429,-1.703995,-0.807538,-0.176726,0.562718,0.065551,0.921255,0.383397,-0.586162,0.346494,-0.732363), FOV = 70.0000},
	{CFrame.new(1.043060,1.040131,-1.765968,-0.817144,-0.174326,0.549441,0.062385,0.920831,0.384941,-0.573047,0.348829,-0.741576), FOV = 70.0000},
	{CFrame.new(1.042984,1.040466,-1.793739,-0.821377,-0.173238,0.543441,0.060957,0.920644,0.385616,-0.567119,0.349863,-0.745636), FOV = 70.0000},
	{CFrame.new(1.042908,1.040771,-1.819557,-0.825273,-0.172219,0.537834,0.059625,0.920471,0.386234,-0.561578,0.350817,-0.749371), FOV = 70.0000},
	{CFrame.new(1.042755,1.041321,-1.865929,-0.832165,-0.170374,0.527707,0.057224,0.920167,0.387322,-0.551568,0.352513,-0.755982), FOV = 70.0000},
	{CFrame.new(1.042633,1.041779,-1.906013,-0.838023,-0.168761,0.518881,0.055136,0.919908,0.388239,-0.542843,0.353962,-0.761599), FOV = 70.0000},
	{CFrame.new(1.042572,1.041992,-1.923988,-0.840617,-0.168033,0.514907,0.054197,0.919793,0.388642,-0.538912,0.354605,-0.764087), FOV = 70.0000},
	{CFrame.new(1.042511,1.042175,-1.940704,-0.843011,-0.167353,0.511199,0.053322,0.919688,0.389014,-0.535246,0.355201,-0.766384), FOV = 70.0000},
	{CFrame.new(1.042419,1.042542,-1.970695,-0.847268,-0.166126,0.504518,0.051746,0.919499,0.389671,-0.528639,0.356263,-0.770466), FOV = 70.0000},
	{CFrame.new(1.042374,1.042694,-1.984131,-0.849158,-0.165574,0.501514,0.051039,0.919416,0.389961,-0.525667,0.356735,-0.772279), FOV = 70.0000},
	{CFrame.new(1.042297,1.042969,-2.008263,-0.852523,-0.164577,0.496104,0.049766,0.919267,0.390476,-0.520316,0.357579,-0.775506), FOV = 70.0000},
	{CFrame.new(1.042252,1.043091,-2.019081,-0.854019,-0.164129,0.493673,0.049194,0.919201,0.390705,-0.517911,0.357955,-0.776941), FOV = 70.0000},
	{CFrame.new(1.042206,1.043335,-2.038475,-0.856687,-0.163322,0.489299,0.048167,0.919083,0.391110,-0.513583,0.358627,-0.779500), FOV = 70.0000},
	{CFrame.new(1.042175,1.043427,-2.047173,-0.857875,-0.162959,0.487334,0.047705,0.919030,0.391290,-0.511639,0.358927,-0.780639), FOV = 70.0000},
	{CFrame.new(1.042114,1.043610,-2.062790,-0.859996,-0.162305,0.483801,0.046876,0.918936,0.391611,-0.508143,0.359462,-0.782673), FOV = 70.0000},
	{CFrame.new(1.042099,1.043701,-2.069786,-0.860942,-0.162012,0.482215,0.046504,0.918894,0.391753,-0.506574,0.359702,-0.783580), FOV = 70.0000},
	{CFrame.new(1.042053,1.043823,-2.082352,-0.862631,-0.161484,0.479364,0.045836,0.918820,0.392007,-0.503752,0.360130,-0.785201), FOV = 70.0000},
	{CFrame.new(1.042023,1.043884,-2.087975,-0.863385,-0.161247,0.478085,0.045536,0.918786,0.392120,-0.502486,0.360321,-0.785924), FOV = 70.0000},
	{CFrame.new(1.041992,1.044006,-2.098076,-0.864734,-0.160821,0.475786,0.044998,0.918727,0.392322,-0.500210,0.360664,-0.787218), FOV = 70.0000},
	{CFrame.new(1.041962,1.044128,-2.106812,-0.865895,-0.160451,0.473794,0.044532,0.918675,0.392496,-0.498239,0.360959,-0.788331), FOV = 70.0000},
	{CFrame.new(1.041946,1.044159,-2.110733,-0.866414,-0.160285,0.472901,0.044323,0.918652,0.392573,-0.497355,0.361091,-0.788829), FOV = 70.0000},
	{CFrame.new(1.042267,1.043732,-2.114464,-0.866910,-0.159982,0.472094,0.044205,0.918690,0.392498,-0.496501,0.361130,-0.789349), FOV = 70.0000},
	{CFrame.new(1.043533,1.042023,-2.121353,-0.867825,-0.159151,0.470691,0.044144,0.918872,0.392079,-0.494904,0.361035,-0.790395), FOV = 70.0000},
	{CFrame.new(1.045303,1.039673,-2.127480,-0.868642,-0.158145,0.469522,0.044240,0.919142,0.391434,-0.493460,0.360788,-0.791409), FOV = 70.0000},
	{CFrame.new(1.046448,1.038147,-2.130310,-0.869022,-0.157545,0.469021,0.044361,0.919322,0.390997,-0.492781,0.360592,-0.791923), FOV = 70.0000},
	{CFrame.new(1.047852,1.036255,-2.133041,-0.869389,-0.156839,0.468577,0.044551,0.919548,0.390445,-0.492116,0.360324,-0.792457), FOV = 70.0000},
	{CFrame.new(1.051041,1.031952,-2.138123,-0.870074,-0.155284,0.467822,0.045043,0.920064,0.389170,-0.490858,0.359678,-0.793530), FOV = 70.0000},
	{CFrame.new(1.054642,1.027069,-2.142746,-0.870700,-0.153581,0.467220,0.045657,0.920649,0.387712,-0.489691,0.358913,-0.794597), FOV = 70.0000},
	{CFrame.new(1.056503,1.024536,-2.144890,-0.870991,-0.152706,0.466966,0.045990,0.920954,0.386949,-0.489143,0.358505,-0.795119), FOV = 70.0000},
	{CFrame.new(1.086273,0.984009,-2.174675,-0.874986,-0.138958,0.463779,0.051589,0.925712,0.374693,-0.481392,0.351778,-0.802816), FOV = 70.0000},
	{CFrame.new(1.091202,0.977264,-2.176003,-0.875178,-0.136828,0.464048,0.052707,0.926499,0.372588,-0.480921,0.350540,-0.803640), FOV = 70.0000},
	{CFrame.new(1.097229,0.977325,-2.178558,-0.874900,-0.138530,0.464069,0.050818,0.926669,0.372428,-0.481630,0.349420,-0.803703), FOV = 70.0000},
	{CFrame.new(1.103271,0.977417,-2.181114,-0.874619,-0.140232,0.464087,0.048927,0.926835,0.372267,-0.482336,0.348299,-0.803766), FOV = 70.0000},
	{CFrame.new(1.109299,0.977509,-2.183662,-0.874335,-0.141934,0.464104,0.047035,0.926997,0.372107,-0.483038,0.347176,-0.803830), FOV = 70.0000},
	{CFrame.new(1.115326,0.977570,-2.186218,-0.874050,-0.143634,0.464119,0.045142,0.927155,0.371947,-0.483735,0.346051,-0.803896), FOV = 70.0000},
	{CFrame.new(1.121338,0.977661,-2.188774,-0.873761,-0.145334,0.464133,0.043248,0.927310,0.371787,-0.484428,0.344926,-0.803962), FOV = 70.0000},
	{CFrame.new(1.127365,0.977753,-2.191338,-0.873471,-0.147034,0.464144,0.041353,0.927461,0.371627,-0.485117,0.343799,-0.804030), FOV = 70.0000},
	{CFrame.new(1.133392,0.977844,-2.193886,-0.873178,-0.148733,0.464154,0.039456,0.927607,0.371467,-0.485802,0.342670,-0.804098), FOV = 70.0000},
	{CFrame.new(1.140930,0.977936,-2.197083,-0.872808,-0.150855,0.464164,0.037084,0.927785,0.371267,-0.486652,0.341258,-0.804184), FOV = 70.0000},
	{CFrame.new(1.145462,0.977997,-2.198997,-0.872585,-0.152129,0.464169,0.035660,0.927889,0.371147,-0.487159,0.340410,-0.804237), FOV = 70.0000},
	{CFrame.new(1.151474,0.978088,-2.201546,-0.872285,-0.153826,0.464173,0.033760,0.928024,0.370988,-0.487831,0.339278,-0.804308), FOV = 70.0000},
	{CFrame.new(1.157501,0.978180,-2.204109,-0.871983,-0.155522,0.464176,0.031860,0.928155,0.370828,-0.488499,0.338144,-0.804380), FOV = 70.0000},
	{CFrame.new(1.163544,0.978241,-2.206657,-0.871678,-0.157217,0.464177,0.029958,0.928282,0.370668,-0.489163,0.337009,-0.804453), FOV = 70.0000},
	{CFrame.new(1.169571,0.978333,-2.209221,-0.871371,-0.158912,0.464176,0.028055,0.928405,0.370508,-0.489822,0.335873,-0.804527), FOV = 70.0000},
	{CFrame.new(1.175583,0.978424,-2.211777,-0.871061,-0.160606,0.464174,0.026151,0.928525,0.370349,-0.490478,0.334735,-0.804602), FOV = 70.0000},
	{CFrame.new(1.171631,0.971405,-2.233444,-0.871034,-0.158461,0.464961,0.026161,0.930233,0.366036,-0.490525,0.330994,-0.806119), FOV = 70.0000},
	{CFrame.new(1.167664,0.964417,-2.255119,-0.871013,-0.156309,0.465729,0.026169,0.931921,0.361716,-0.490562,0.327247,-0.807625), FOV = 70.0000},
	{CFrame.new(1.163712,0.957428,-2.276794,-0.870998,-0.154152,0.466475,0.026175,0.933589,0.357388,-0.490588,0.323494,-0.809120), FOV = 70.0000},
	{CFrame.new(1.159760,0.950439,-2.298462,-0.870989,-0.151990,0.467201,0.026178,0.935237,0.353053,-0.490604,0.319736,-0.810603), FOV = 70.0000},
	{CFrame.new(1.155792,0.943451,-2.320129,-0.870986,-0.149822,0.467907,0.026178,0.936865,0.348711,-0.490610,0.315971,-0.812074), FOV = 70.0000},
	{CFrame.new(1.151840,0.936432,-2.341805,-0.870989,-0.147649,0.468591,0.026177,0.938472,0.344361,-0.490605,0.312201,-0.813534), FOV = 70.0000},
	{CFrame.new(1.147873,0.929443,-2.363472,-0.870998,-0.145471,0.469255,0.026174,0.940059,0.340005,-0.490588,0.308426,-0.814983), FOV = 70.0000},
	{CFrame.new(1.142929,0.920715,-2.390564,-0.871018,-0.142742,0.470056,0.026167,0.942015,0.334550,-0.490554,0.303699,-0.816776), FOV = 70.0000},
	{CFrame.new(1.139969,0.915466,-2.406815,-0.871034,-0.141101,0.470521,0.026161,0.943173,0.331271,-0.490525,0.300858,-0.817844), FOV = 70.0000},
	{CFrame.new(1.136002,0.908447,-2.428482,-0.871061,-0.138909,0.471123,0.026152,0.944699,0.326895,-0.490478,0.297066,-0.819258), FOV = 70.0000},
	{CFrame.new(1.181213,0.957245,-2.502022,-0.870824,-0.142694,0.470430,0.024178,0.943355,0.330903,-0.491001,0.299532,-0.818046), FOV = 70.0000},
	{CFrame.new(1.226456,1.006042,-2.575554,-0.870584,-0.146475,0.469711,0.022205,0.941990,0.334906,-0.491518,0.301994,-0.816829), FOV = 70.0000},
	{CFrame.new(1.271652,1.054840,-2.649094,-0.870344,-0.150249,0.468963,0.020231,0.940604,0.338904,-0.492029,0.304451,-0.815609), FOV = 70.0000},
	{CFrame.new(1.316864,1.103638,-2.722633,-0.870101,-0.154019,0.468190,0.018258,0.939196,0.342896,-0.492534,0.306903,-0.814383), FOV = 70.0000},
	{CFrame.new(1.362106,1.152435,-2.796158,-0.869858,-0.157783,0.467388,0.016285,0.937767,0.346883,-0.493034,0.309351,-0.813154), FOV = 70.0000},
	{CFrame.new(1.407303,1.201233,-2.869705,-0.869612,-0.161542,0.466561,0.014312,0.936317,0.350865,-0.493528,0.311793,-0.811920), FOV = 70.0000},
	{CFrame.new(1.463837,1.262238,-2.961617,-0.869303,-0.166232,0.465489,0.011845,0.934474,0.355833,-0.494138,0.314840,-0.810372), FOV = 70.0000},
	{CFrame.new(1.497757,1.298828,-3.016769,-0.869116,-0.169041,0.464825,0.010365,0.933353,0.358810,-0.494500,0.316665,-0.809440), FOV = 70.0000},
	{CFrame.new(1.542969,1.347626,-3.090317,-0.868865,-0.172782,0.463917,0.008392,0.931840,0.362773,-0.494977,0.319094,-0.808193), FOV = 70.0000},
	{CFrame.new(1.588181,1.396423,-3.163841,-0.868614,-0.176517,0.462982,0.006418,0.930305,0.366730,-0.495448,0.321518,-0.806943), FOV = 70.0000},
	{CFrame.new(1.633392,1.445221,-3.237381,-0.868360,-0.180245,0.462021,0.004445,0.928750,0.370680,-0.495915,0.323938,-0.805688), FOV = 70.0000},
	{CFrame.new(1.678619,1.494019,-3.310905,-0.868105,-0.183966,0.461032,0.002471,0.927173,0.374624,-0.496375,0.326353,-0.804429), FOV = 70.0000},
	{CFrame.new(1.723831,1.542816,-3.384445,-0.867848,-0.187681,0.460017,0.000498,0.925576,0.378561,-0.496830,0.328763,-0.803166), FOV = 70.0000},
	{CFrame.new(1.769043,1.591614,-3.457993,-0.867590,-0.191389,0.458975,-0.001476,0.923957,0.382492,-0.497278,0.331168,-0.801899), FOV = 70.0000},
	{CFrame.new(1.812195,1.657318,-3.504738,-0.866172,-0.199699,0.458112,-0.006355,0.921017,0.389472,-0.499706,0.334438,-0.799027), FOV = 70.0000},
	{CFrame.new(1.855331,1.723022,-3.551498,-0.864732,-0.207993,0.457142,-0.011225,0.917992,0.396440,-0.502109,0.337682,-0.796152), FOV = 70.0000},
	{CFrame.new(1.898483,1.788727,-3.598259,-0.863270,-0.216268,0.456063,-0.016087,0.914885,0.403394,-0.504486,0.340901,-0.793272), FOV = 70.0000},
	{CFrame.new(1.918060,1.810974,-3.620247,-0.862616,-0.219791,0.455615,-0.018143,0.913539,0.406347,-0.505533,0.342255,-0.792021), FOV = 70.0000},
	{CFrame.new(1.937622,1.833221,-3.642235,-0.861959,-0.223311,0.455147,-0.020197,0.912178,0.409297,-0.506575,0.343604,-0.790770), FOV = 70.0000},
	{CFrame.new(1.957199,1.855499,-3.664223,-0.861298,-0.226827,0.454659,-0.022250,0.910802,0.412244,-0.507612,0.344949,-0.789519), FOV = 70.0000},
	{CFrame.new(1.976776,1.877747,-3.686211,-0.860633,-0.230339,0.454153,-0.024301,0.909411,0.415189,-0.508645,0.346289,-0.788266), FOV = 70.0000},
	{CFrame.new(1.987030,1.889404,-3.697716,-0.860274,-0.232177,0.453898,-0.025368,0.908678,0.416726,-0.509201,0.346984,-0.787602), FOV = 70.0000},
	{CFrame.new(1.997269,1.901031,-3.709221,-0.859913,-0.234014,0.453637,-0.026435,0.907941,0.418263,-0.509756,0.347678,-0.786937), FOV = 70.0000},
	{CFrame.new(2.007507,1.912689,-3.720734,-0.859551,-0.235850,0.453372,-0.027501,0.907200,0.419799,-0.510309,0.348371,-0.786271), FOV = 70.0000},
	{CFrame.new(2.017761,1.924347,-3.732246,-0.859188,-0.237686,0.453101,-0.028567,0.906455,0.421335,-0.510861,0.349062,-0.785606), FOV = 70.0000},
	{CFrame.new(2.028000,1.936005,-3.743752,-0.858825,-0.239520,0.452825,-0.029632,0.905706,0.422869,-0.511412,0.349752,-0.784940), FOV = 70.0000},
	{CFrame.new(2.038254,1.947632,-3.755257,-0.858460,-0.241353,0.452544,-0.030697,0.904953,0.424403,-0.511962,0.350441,-0.784274), FOV = 70.0000},
	{CFrame.new(2.048508,1.959290,-3.766762,-0.858094,-0.243185,0.452257,-0.031761,0.904196,0.425936,-0.512509,0.351129,-0.783609), FOV = 70.0000},
	{CFrame.new(2.058746,1.970947,-3.778267,-0.857727,-0.245016,0.451964,-0.032825,0.903434,0.427468,-0.513057,0.351815,-0.782943), FOV = 70.0000},
	{CFrame.new(2.068985,1.982605,-3.789780,-0.857359,-0.246845,0.451667,-0.033889,0.902669,0.428999,-0.513602,0.352500,-0.782277), FOV = 70.0000},
	{CFrame.new(2.071899,1.985901,-3.793037,-0.857253,-0.247363,0.451585,-0.034189,0.902452,0.429432,-0.513759,0.352693,-0.782086), FOV = 70.0000},
	{CFrame.new(2.074799,1.989197,-3.796295,-0.857147,-0.247881,0.451503,-0.034489,0.902235,0.429864,-0.513916,0.352885,-0.781896), FOV = 70.0000},
	{CFrame.new(2.077682,1.992493,-3.799553,-0.857040,-0.248398,0.451420,-0.034788,0.902017,0.430297,-0.514073,0.353078,-0.781706), FOV = 70.0000},
	{CFrame.new(2.080597,1.995789,-3.802803,-0.856934,-0.248916,0.451336,-0.035088,0.901799,0.430729,-0.514230,0.353270,-0.781516), FOV = 70.0000},
	{CFrame.new(2.083496,1.999084,-3.806068,-0.856828,-0.249433,0.451253,-0.035388,0.901581,0.431162,-0.514387,0.353463,-0.781326), FOV = 70.0000},
	{CFrame.new(2.086395,2.002380,-3.809319,-0.856721,-0.249951,0.451169,-0.035687,0.901362,0.431594,-0.514543,0.353655,-0.781136), FOV = 70.0000},
	{CFrame.new(2.088150,2.004395,-3.811363,-0.856655,-0.250270,0.451117,-0.035872,0.901226,0.431861,-0.514640,0.353774,-0.781018), FOV = 70.0000},
	{CFrame.new(2.089890,2.006439,-3.813385,-0.856589,-0.250589,0.451066,-0.036057,0.901091,0.432128,-0.514738,0.353892,-0.780900), FOV = 70.0000},
	{CFrame.new(2.091660,2.008484,-3.815422,-0.856523,-0.250908,0.451014,-0.036241,0.900956,0.432394,-0.514835,0.354010,-0.780783), FOV = 70.0000},
	{CFrame.new(2.093414,2.010498,-3.817444,-0.856457,-0.251228,0.450962,-0.036426,0.900820,0.432661,-0.514932,0.354129,-0.780665), FOV = 70.0000},
	{CFrame.new(2.095154,2.012543,-3.819481,-0.856390,-0.251547,0.450910,-0.036611,0.900685,0.432928,-0.515029,0.354247,-0.780547), FOV = 70.0000},
	{CFrame.new(2.096909,2.014587,-3.821518,-0.856324,-0.251866,0.450858,-0.036795,0.900549,0.433194,-0.515126,0.354365,-0.780429), FOV = 70.0000},
	{CFrame.new(2.097519,2.015289,-3.822220,-0.856301,-0.251976,0.450839,-0.036859,0.900502,0.433287,-0.515160,0.354406,-0.780389), FOV = 70.0000},
	{CFrame.new(2.098129,2.015991,-3.822922,-0.856278,-0.252087,0.450821,-0.036923,0.900455,0.433379,-0.515194,0.354447,-0.780348), FOV = 70.0000},
	{CFrame.new(2.098740,2.016693,-3.823624,-0.856255,-0.252197,0.450803,-0.036987,0.900408,0.433471,-0.515227,0.354488,-0.780307), FOV = 70.0000},
	{CFrame.new(2.099350,2.017395,-3.824326,-0.856232,-0.252308,0.450785,-0.037051,0.900361,0.433563,-0.515261,0.354529,-0.780266), FOV = 70.0000},
	{CFrame.new(2.099945,2.018097,-3.825035,-0.856209,-0.252418,0.450767,-0.037115,0.900314,0.433655,-0.515294,0.354570,-0.780226), FOV = 70.0000},
	{CFrame.new(2.100571,2.018799,-3.825729,-0.856186,-0.252528,0.450749,-0.037178,0.900267,0.433748,-0.515328,0.354611,-0.780185), FOV = 70.0000},
	{CFrame.new(2.101166,2.019501,-3.826431,-0.856163,-0.252639,0.450731,-0.037242,0.900220,0.433840,-0.515362,0.354652,-0.780144), FOV = 70.0000},
	{CFrame.new(2.101776,2.020203,-3.827133,-0.856140,-0.252749,0.450713,-0.037306,0.900173,0.433932,-0.515395,0.354692,-0.780103), FOV = 70.0000},
	{CFrame.new(2.102386,2.020905,-3.827843,-0.856117,-0.252860,0.450694,-0.037370,0.900126,0.434025,-0.515429,0.354733,-0.780063), FOV = 70.0000},
	{CFrame.new(2.102997,2.021606,-3.828537,-0.856094,-0.252970,0.450676,-0.037434,0.900078,0.434117,-0.515463,0.354774,-0.780022), FOV = 70.0000},
	{CFrame.new(2.103592,2.022308,-3.829247,-0.856071,-0.253081,0.450658,-0.037498,0.900031,0.434209,-0.515496,0.354815,-0.779981), FOV = 70.0000},
	{CFrame.new(2.104202,2.023010,-3.829956,-0.856048,-0.253191,0.450640,-0.037562,0.899984,0.434301,-0.515530,0.354856,-0.779940), FOV = 70.0000},
	{CFrame.new(2.104797,2.023712,-3.830658,-0.856025,-0.253301,0.450621,-0.037626,0.899937,0.434394,-0.515563,0.354897,-0.779899), FOV = 70.0000},
	{CFrame.new(2.104797,2.023712,-3.830658,-0.856025,-0.253302,0.450621,-0.037626,0.899937,0.434394,-0.515563,0.354897,-0.779899), FOV = 70.0000},
	{CFrame.new(2.104797,2.023712,-3.830658,-0.856025,-0.253301,0.450621,-0.037626,0.899937,0.434394,-0.515563,0.354897,-0.779899), FOV = 70.0000},
	{CFrame.new(2.104797,2.023712,-3.830658,-0.856025,-0.253301,0.450621,-0.037626,0.899937,0.434393,-0.515563,0.354897,-0.779899), FOV = 70.0000},
	{CFrame.new(2.104797,2.023712,-3.830658,-0.856025,-0.253301,0.450621,-0.037626,0.899937,0.434393,-0.515563,0.354897,-0.779899), FOV = 70.0000},
	{CFrame.new(2.104797,2.023712,-3.830658,-0.856025,-0.253301,0.450621,-0.037626,0.899937,0.434393,-0.515563,0.354897,-0.779899), FOV = 70.0000},
	{CFrame.new(2.104797,2.023712,-3.830658,-0.856025,-0.253301,0.450621,-0.037626,0.899937,0.434393,-0.515563,0.354897,-0.779899), FOV = 70.0000},
	{CFrame.new(2.104797,2.023712,-3.830658,-0.856025,-0.253301,0.450621,-0.037626,0.899937,0.434393,-0.515563,0.354897,-0.779899), FOV = 70.0000},
	{CFrame.new(2.104797,2.023712,-3.830658,-0.856025,-0.253301,0.450621,-0.037626,0.899937,0.434393,-0.515563,0.354897,-0.779899), FOV = 70.0000},
	{CFrame.new(2.104797,2.023712,-3.830658,-0.856025,-0.253301,0.450621,-0.037626,0.899937,0.434393,-0.515563,0.354897,-0.779899), FOV = 70.0000},
	{CFrame.new(2.104797,2.023712,-3.830658,-0.856025,-0.253302,0.450621,-0.037626,0.899937,0.434394,-0.515563,0.354897,-0.779899), FOV = 70.0000},
	{CFrame.new(2.104797,2.023712,-3.830658,-0.856025,-0.253301,0.450621,-0.037626,0.899937,0.434393,-0.515563,0.354897,-0.779899), FOV = 70.0000},
	{CFrame.new(2.109726,2.023712,-3.830658,-0.857985,-0.251343,0.447982,-0.035735,0.899206,0.436064,-0.512430,0.358128,-0.780487), FOV = 70.0000},
	{CFrame.new(2.115860,2.023712,-3.830658,-0.860420,-0.248881,0.444675,-0.033390,0.898280,0.438154,-0.508491,0.362148,-0.781208), FOV = 70.0000},
	{CFrame.new(2.119553,2.023712,-3.830650,-0.861872,-0.247397,0.442686,-0.031992,0.897718,0.439408,-0.506115,0.364552,-0.781633), FOV = 70.0000},
	{CFrame.new(2.124451,2.023712,-3.830650,-0.863800,-0.245408,0.440028,-0.030138,0.896961,0.441081,-0.502933,0.367744,-0.782191), FOV = 70.0000},
	{CFrame.new(2.129379,2.023712,-3.830658,-0.865716,-0.243410,0.437365,-0.028297,0.896196,0.442755,-0.499735,0.370924,-0.782739), FOV = 70.0000},
	{CFrame.new(2.134277,2.023712,-3.830658,-0.867621,-0.241401,0.434694,-0.026469,0.895422,0.444430,-0.496521,0.374091,-0.783277), FOV = 70.0000},
	{CFrame.new(2.139175,2.023712,-3.830658,-0.869515,-0.239383,0.432018,-0.024653,0.894641,0.446106,-0.493291,0.377246,-0.783804), FOV = 70.0000},
	{CFrame.new(2.144119,2.023712,-3.830658,-0.871398,-0.237355,0.429336,-0.022849,0.893850,0.447783,-0.490045,0.380387,-0.784322), FOV = 70.0000},
	{CFrame.new(2.149017,2.023712,-3.830658,-0.873268,-0.235317,0.426647,-0.021058,0.893052,0.449460,-0.486784,0.383515,-0.784830), FOV = 70.0000},
	{CFrame.new(2.153931,2.023712,-3.830650,-0.875128,-0.233269,0.423953,-0.019280,0.892247,0.451137,-0.483507,0.386629,-0.785327), FOV = 70.0000},
	{CFrame.new(2.158844,2.023712,-3.830658,-0.876976,-0.231211,0.421253,-0.017514,0.891432,0.452816,-0.480215,0.389731,-0.785814), FOV = 70.0000},
	{CFrame.new(2.163742,2.023712,-3.830658,-0.878813,-0.229144,0.418546,-0.015761,0.890610,0.454495,-0.476907,0.392819,-0.786291), FOV = 70.0000},
	{CFrame.new(2.176849,2.023712,-3.830658,-0.883573,-0.223527,0.411502,-0.010935,0.888337,0.459063,-0.468165,0.401115,-0.787355), FOV = 70.0000},
	{CFrame.new(2.189941,2.023712,-3.830650,-0.888252,-0.217842,0.404417,-0.006201,0.886005,0.463634,-0.459314,0.409316,-0.788347), FOV = 70.0000},
	{CFrame.new(2.203049,2.023712,-3.830650,-0.892849,-0.212090,0.397290,-0.001560,0.883617,0.468207,-0.450354,0.417419,-0.789267), FOV = 70.0000},
	{CFrame.new(2.216141,2.023712,-3.830650,-0.897360,-0.206272,0.390124,0.002989,0.881174,0.472783,-0.441289,0.425422,-0.790114), FOV = 70.0000},
	{CFrame.new(2.229233,2.023712,-3.830650,-0.901787,-0.200388,0.382917,0.007444,0.878677,0.477359,-0.432117,0.433326,-0.790888), FOV = 70.0000},
	{CFrame.new(2.242340,2.023712,-3.830643,-0.906126,-0.194439,0.375671,0.011803,0.876127,0.481935,-0.422843,0.441128,-0.791587), FOV = 70.0000},
	{CFrame.new(2.311096,2.023712,-3.830643,-0.926849,-0.161725,0.338815,0.034907,0.861431,0.506674,-0.373808,0.481437,-0.792771), FOV = 70.0000},
	{CFrame.new(2.379868,2.023712,-3.830643,-0.945079,-0.127384,0.300997,0.055265,0.845383,0.531293,-0.322136,0.518748,-0.791914), FOV = 70.0000},
	{CFrame.new(2.462387,2.023712,-3.830627,-0.961803,-0.082899,0.260886,0.081780,0.822502,0.562852,-0.261239,0.562689,-0.784306), FOV = 70.0000},
	{CFrame.new(2.544891,2.023712,-3.830620,-0.974886,-0.036527,0.219690,0.103938,0.797810,0.593881,-0.196963,0.601800,-0.773978), FOV = 70.0000},
	{CFrame.new(2.627426,2.023712,-3.830612,-0.984047,0.011476,0.177540,0.121619,0.771734,0.624208,-0.129851,0.635842,-0.760818), FOV = 70.0000},
	{CFrame.new(2.709946,2.023712,-3.830605,-0.989033,0.060828,0.134589,0.134751,0.744699,0.653655,-0.060468,0.664622,-0.744729), FOV = 70.0000},
	{CFrame.new(2.792450,2.023712,-3.830605,-0.989620,0.111225,0.091002,0.143317,0.717136,0.682038,0.010599,0.688000,-0.725633), FOV = 70.0000},
	{CFrame.new(2.792450,2.023712,-3.830605,-0.981968,0.188417,0.015438,0.148726,0.719533,0.678345,0.116703,0.668409,-0.734581), FOV = 70.0000},
	{CFrame.new(2.792450,2.023712,-3.830605,-0.962530,0.264893,-0.058024,0.157870,0.721356,0.674331,0.220481,0.639904,-0.736146), FOV = 70.0000},
	{CFrame.new(2.792450,2.023712,-3.830605,-0.931660,0.339733,-0.128808,0.170650,0.722144,0.670363,0.320762,0.602569,-0.730768), FOV = 70.0000},
	{CFrame.new(2.792450,2.023712,-3.830605,-0.889853,0.411931,-0.196150,0.186989,0.721428,0.666766,0.416170,0.556646,-0.718991), FOV = 70.0000},
	{CFrame.new(2.792450,2.023712,-3.830605,-0.837751,0.480520,-0.259374,0.206724,0.718734,0.663842,0.505410,0.502515,-0.701455), FOV = 70.0000},
	{CFrame.new(2.792450,2.023712,-3.830605,-0.776122,0.544584,-0.317905,0.229611,0.713598,0.661859,0.587294,0.440688,-0.678881), FOV = 70.0000},
	{CFrame.new(2.792450,2.023712,-3.830605,-0.705849,0.603272,-0.371270,0.255328,0.705568,0.661046,0.660746,0.371803,-0.652056), FOV = 70.0000},
	{CFrame.new(2.792450,2.023712,-3.830605,-0.627911,0.655806,-0.419100,0.283481,0.694218,0.661588,0.724821,0.296612,-0.621816), FOV = 70.0000},
	{CFrame.new(-1.038162,4.902740,-7.900536,-0.093682,0.405499,0.909283,0.393323,0.854081,-0.340358,-0.914615,0.325757,-0.239504), FOV = 70.0000},
	{CFrame.new(-1.321259,4.923706,-7.903473,-0.215135,0.353132,0.910502,0.394193,0.884408,-0.249871,-0.893492,0.305158,-0.329469), FOV = 70.0000},
	{CFrame.new(-1.603989,4.944397,-7.905998,-0.335164,0.299997,0.893122,0.385229,0.908726,-0.160672,-0.859804,0.290205,-0.420140), FOV = 70.0000},
	{CFrame.new(-1.886734,4.965057,-7.908531,-0.451302,0.247309,0.857417,0.366742,0.927339,-0.074443,-0.813528,0.280854,-0.509209), FOV = 70.0000},
	{CFrame.new(-2.169449,4.985718,-7.911057,-0.561292,0.196209,0.804024,0.339338,0.940636,0.007346,-0.754852,0.276959,-0.594552), FOV = 70.0000},
	{CFrame.new(-2.452194,5.006409,-7.913582,-0.662958,0.147748,0.733932,0.303798,0.949083,0.083360,-0.684246,0.278231,-0.674088), FOV = 70.0000},
	{CFrame.new(-2.734924,5.027069,-7.916115,-0.754250,0.102876,0.648477,0.261057,0.953214,0.152418,-0.602458,0.284251,-0.745819), FOV = 70.0000},
	{CFrame.new(-3.017670,5.047760,-7.918648,-0.833285,0.062415,0.549309,0.212183,0.953618,0.213521,-0.510504,0.294478,-0.807879), FOV = 70.0000},
	{CFrame.new(-3.107727,5.014008,-7.898880,-0.855239,0.064630,0.514188,0.208426,0.951307,0.227097,-0.474473,0.301392,-0.827066), FOV = 70.0000},
	{CFrame.new(-3.197784,4.980225,-7.879112,-0.875692,0.067242,0.478165,0.204102,0.948991,0.240332,-0.437614,0.308052,-0.844747), FOV = 70.0000},
	{CFrame.new(-3.287827,4.946472,-7.859337,-0.894607,0.070232,0.441299,0.199224,0.946676,0.253208,-0.399984,0.314440,-0.860895), FOV = 70.0000},
	{CFrame.new(-3.377884,4.912720,-7.839569,-0.911946,0.073586,0.403657,0.193812,0.944372,0.265704,-0.361650,0.320541,-0.875479), FOV = 70.0000},
	{CFrame.new(-3.467957,4.878937,-7.819809,-0.927673,0.077288,0.365308,0.187883,0.942087,0.277798,-0.322682,0.326341,-0.888470), FOV = 70.0000},
	{CFrame.new(-3.557999,4.845184,-7.800034,-0.941754,0.081322,0.326323,0.181459,0.939829,0.289471,-0.283148,0.331825,-0.899844), FOV = 70.0000},
	{CFrame.new(-3.648056,4.811432,-7.780266,-0.954159,0.085671,0.286775,0.174562,0.937606,0.300704,-0.243121,0.336980,-0.909581), FOV = 70.0000},
	{CFrame.new(-3.738113,4.777679,-7.760498,-0.964865,0.090317,0.246737,0.167213,0.935425,0.311480,-0.202672,0.341794,-0.917661), FOV = 70.0000},
	{CFrame.new(-3.828156,4.743896,-7.740730,-0.973846,0.095242,0.206284,0.159437,0.933293,0.321782,-0.161877,0.346255,-0.924069), FOV = 70.0000},
	{CFrame.new(-3.918213,4.710144,-7.720963,-0.981084,0.100426,0.165493,0.151256,0.931218,0.331594,-0.120809,0.350353,-0.928794), FOV = 70.0000},
	{CFrame.new(-3.958374,4.680542,-7.679359,-0.984454,0.107944,0.138559,0.149260,0.929959,0.336003,-0.092585,0.351461,-0.931613), FOV = 70.0000},
	{CFrame.new(-3.998550,4.650940,-7.637764,-0.987017,0.115536,0.111577,0.147188,0.928692,0.340393,-0.064293,0.352396,-0.933640), FOV = 70.0000},
	{CFrame.new(-4.038712,4.621338,-7.596161,-0.988772,0.123198,0.084570,0.145041,0.927417,0.344760,-0.035958,0.353155,-0.934873), FOV = 70.0000},
	{CFrame.new(-4.078857,4.591736,-7.554543,-0.989720,0.130926,0.057561,0.142818,0.926136,0.349106,-0.007602,0.353738,-0.935314), FOV = 70.0000},
	{CFrame.new(-4.119019,4.562164,-7.512939,-0.989860,0.138715,0.030574,0.140521,0.924848,0.353427,0.020749,0.354140,-0.934962), FOV = 70.0000},
	{CFrame.new(-4.159180,4.532562,-7.471336,-0.989189,0.146610,0.003363,0.138098,0.923553,0.357742,0.049343,0.354339,-0.933814), FOV = 70.0000},
	{CFrame.new(-4.199326,4.502960,-7.429733,-0.987710,0.154513,-0.023539,0.135646,0.922251,0.362014,0.077645,0.354372,-0.931875), FOV = 70.0000},
	{CFrame.new(-4.239487,4.473358,-7.388130,-0.985427,0.162468,-0.050369,0.133115,0.920943,0.366259,0.105892,0.354217,-0.929149), FOV = 70.0000},
	{CFrame.new(-4.279648,4.443756,-7.346527,-0.982341,0.170469,-0.077106,0.130507,0.919628,0.370476,0.134064,0.353871,-0.925636), FOV = 70.0000},
	{CFrame.new(-4.319809,4.414154,-7.304924,-0.978455,0.178513,-0.103724,0.127822,0.918307,0.374665,0.162133,0.353334,-0.921340), FOV = 70.0000},
	{CFrame.new(-4.359985,4.384552,-7.263321,-0.973771,0.186593,-0.130200,0.125059,0.916981,0.378823,0.190077,0.352604,-0.916265), FOV = 70.0000},
	{CFrame.new(-4.410187,4.347565,-7.211311,-0.966802,0.196737,-0.163059,0.121500,0.915314,0.383975,0.224793,0.351416,-0.908831), FOV = 70.0000},
	{CFrame.new(-4.440308,4.325348,-7.180115,-0.962029,0.202845,-0.182633,0.119307,0.914311,0.387042,0.245492,0.350556,-0.903794), FOV = 70.0000},
	{CFrame.new(-4.437180,4.294128,-7.107735,-0.956099,0.214209,-0.199971,0.123630,0.913545,0.387493,0.265687,0.345759,-0.899923), FOV = 70.0000},
	{CFrame.new(-4.434052,4.262878,-7.035355,-0.949721,0.225550,-0.217158,0.128040,0.912716,0.388016,0.285720,0.340702,-0.895704), FOV = 70.0000},
	{CFrame.new(-4.430939,4.231628,-6.962975,-0.942897,0.236861,-0.234184,0.132535,0.911819,0.388614,0.305581,0.335386,-0.891144), FOV = 70.0000},
	{CFrame.new(-4.427826,4.200409,-6.890594,-0.935632,0.248135,-0.251043,0.137112,0.910854,0.389290,0.325260,0.329811,-0.886245), FOV = 70.0000},
	{CFrame.new(-4.424698,4.169159,-6.818214,-0.927929,0.259366,-0.267726,0.141768,0.909817,0.390044,0.344746,0.323978,-0.881015), FOV = 70.0000},
	{CFrame.new(-4.397339,4.136017,-6.745468,-0.923759,0.265121,-0.276369,0.143968,0.909105,0.390897,0.354884,0.321307,-0.877963), FOV = 70.0000},
	{CFrame.new(-4.369965,4.102844,-6.672722,-0.919473,0.270866,-0.284957,0.146181,0.908375,0.391773,0.364966,0.318569,-0.874822), FOV = 70.0000},
	{CFrame.new(-4.342621,4.069702,-6.599983,-0.915070,0.276601,-0.293492,0.148409,0.907626,0.392671,0.374994,0.315765,-0.871592), FOV = 70.0000},
	{CFrame.new(-4.315247,4.036560,-6.527237,-0.910553,0.282325,-0.301971,0.150650,0.906857,0.393592,0.384966,0.312894,-0.868273), FOV = 70.0000},
	{CFrame.new(-4.287888,4.003387,-6.454506,-0.905919,0.288037,-0.310394,0.152905,0.906069,0.394536,0.394880,0.309957,-0.864868), FOV = 70.0000},
	{CFrame.new(-4.260529,3.970245,-6.381760,-0.901172,0.293737,-0.318760,0.155174,0.905261,0.395503,0.404735,0.306953,-0.861376), FOV = 70.0000},
	{CFrame.new(-4.233170,3.937103,-6.309021,-0.896311,0.299423,-0.327067,0.157455,0.904434,0.396494,0.414530,0.303883,-0.857799), FOV = 70.0000},
	{CFrame.new(-4.205811,3.903931,-6.236275,-0.891337,0.305095,-0.335315,0.159749,0.903586,0.397508,0.424263,0.300747,-0.854138), FOV = 70.0000},
	{CFrame.new(-4.178467,3.870789,-6.163536,-0.886250,0.310752,-0.343502,0.162054,0.902718,0.398546,0.433934,0.297545,-0.850393), FOV = 70.0000},
	{CFrame.new(-4.151093,3.837616,-6.090797,-0.881052,0.316394,-0.351628,0.164372,0.901829,0.399608,0.443542,0.294278,-0.846565), FOV = 70.0000},
	{CFrame.new(-4.123749,3.804474,-6.018051,-0.875743,0.322019,-0.359691,0.166701,0.900919,0.400694,0.453084,0.290944,-0.842655), FOV = 70.0000},
	{CFrame.new(-4.096375,3.771332,-5.945305,-0.870325,0.327626,-0.367690,0.169040,0.899988,0.401804,0.462558,0.287545,-0.838664), FOV = 70.0000},
	{CFrame.new(-4.042770,3.729889,-5.857712,-0.868077,0.330168,-0.370717,0.169951,0.899295,0.402970,0.466432,0.286806,-0.836770), FOV = 70.0000},
	{CFrame.new(-3.989166,3.688477,-5.770119,-0.865812,0.332710,-0.373728,0.170860,0.898597,0.404142,0.470293,0.286056,-0.834863), FOV = 70.0000},
	{CFrame.new(-3.935562,3.647034,-5.682526,-0.863530,0.335252,-0.376726,0.171768,0.897894,0.405318,0.474144,0.285295,-0.832943), FOV = 70.0000},
	{CFrame.new(-3.881958,3.605621,-5.594917,-0.861229,0.337793,-0.379710,0.172673,0.897186,0.406499,0.477983,0.284524,-0.831010), FOV = 70.0000},
	{CFrame.new(-3.828369,3.564178,-5.507324,-0.858911,0.340334,-0.382680,0.173577,0.896473,0.407685,0.481811,0.283741,-0.829065), FOV = 70.0000},
	{CFrame.new(-3.743225,3.509277,-5.427200,-0.860411,0.341171,-0.378543,0.175694,0.895877,0.408087,0.478355,0.284615,-0.830765), FOV = 70.0000},
	{CFrame.new(-3.658081,3.454376,-5.347076,-0.861895,0.342001,-0.374396,0.177811,0.895281,0.408478,0.474890,0.285493,-0.832450), FOV = 70.0000},
	{CFrame.new(-3.572937,3.399475,-5.266945,-0.863361,0.342823,-0.370242,0.179928,0.894685,0.408857,0.471416,0.286375,-0.834120), FOV = 70.0000},
	{CFrame.new(-3.487793,3.344543,-5.186821,-0.864811,0.343637,-0.366081,0.182043,0.894089,0.409225,0.467934,0.287260,-0.835775), FOV = 70.0000},
	{CFrame.new(-3.402649,3.289642,-5.106697,-0.866244,0.344444,-0.361911,0.184158,0.893492,0.409582,0.464443,0.288149,-0.837414), FOV = 70.0000},
	{CFrame.new(-3.317505,3.234741,-5.026573,-0.867660,0.345242,-0.357735,0.186271,0.892895,0.409928,0.460944,0.289042,-0.839038), FOV = 70.0000},
	{CFrame.new(-3.232361,3.179840,-4.946442,-0.869059,0.346033,-0.353550,0.188384,0.892298,0.410262,0.457437,0.289939,-0.840647), FOV = 70.0000},
	{CFrame.new(-3.128052,3.118256,-4.879211,-0.873296,0.345296,-0.343693,0.191344,0.891864,0.409836,0.448042,0.292145,-0.844932), FOV = 70.0000},
	{CFrame.new(-3.023727,3.056671,-4.811996,-0.877428,0.344532,-0.333792,0.194297,0.891436,0.409377,0.438598,0.294344,-0.849113), FOV = 70.0000},
	{CFrame.new(-2.904236,2.988892,-4.751930,-0.883177,0.340045,-0.323059,0.193838,0.891809,0.408784,0.427112,0.298408,-0.853539), FOV = 70.0000},
	{CFrame.new(-2.784729,2.921082,-4.691856,-0.888773,0.335523,-0.312260,0.193393,0.892175,0.408196,0.415549,0.302405,-0.857829), FOV = 70.0000},
	{CFrame.new(-2.665222,2.853271,-4.631783,-0.894215,0.330969,-0.301395,0.192962,0.892535,0.407611,0.403912,0.306334,-0.861983), FOV = 70.0000},
	{CFrame.new(-2.545715,2.785461,-4.571709,-0.899502,0.326383,-0.290466,0.192546,0.892889,0.407031,0.392202,0.310196,-0.866000), FOV = 70.0000},
	{CFrame.new(-2.426224,2.717651,-4.511658,-0.904632,0.321767,-0.279476,0.192145,0.893239,0.406453,0.380422,0.313991,-0.869879), FOV = 70.0000},
	{CFrame.new(-2.306717,2.649872,-4.451584,-0.909605,0.317120,-0.268426,0.191759,0.893583,0.405879,0.368574,0.317717,-0.873618), FOV = 70.0000},
	{CFrame.new(-2.187210,2.582062,-4.391510,-0.914421,0.312445,-0.257318,0.191387,0.893922,0.405308,0.356659,0.321375,-0.877219), FOV = 70.0000},
	{CFrame.new(-2.067703,2.514252,-4.331444,-0.919077,0.307741,-0.246155,0.191029,0.894256,0.404739,0.344680,0.324964,-0.880678), FOV = 70.0000},
	{CFrame.new(-1.948196,2.446442,-4.271378,-0.923574,0.303010,-0.234937,0.190687,0.894585,0.404172,0.332640,0.328484,-0.883996), FOV = 70.0000},
	{CFrame.new(-1.835358,2.384064,-4.224792,-0.928307,0.296172,-0.224787,0.187891,0.895362,0.403762,0.320849,0.332579,-0.886818), FOV = 70.0000},
	{CFrame.new(-1.722519,2.321655,-4.178207,-0.932876,0.289309,-0.214576,0.185124,0.896111,0.403378,0.308985,0.336578,-0.889519), FOV = 70.0000},
	{CFrame.new(-1.609680,2.259277,-4.131622,-0.937281,0.282425,-0.204304,0.182389,0.896833,0.403019,0.297049,0.340480,-0.892096), FOV = 70.0000},
	{CFrame.new(-1.496841,2.196869,-4.085045,-0.941522,0.275519,-0.193973,0.179683,0.897528,0.402686,0.285044,0.344284,-0.894549), FOV = 70.0000},
	{CFrame.new(-1.384018,2.134491,-4.038467,-0.945597,0.268594,-0.183586,0.177010,0.898198,0.402377,0.272973,0.347990,-0.896877), FOV = 70.0000},
	{CFrame.new(-1.271179,2.072083,-3.991890,-0.949505,0.261651,-0.173144,0.174368,0.898842,0.402093,0.260837,0.351599,-0.899079), FOV = 70.0000},
	{CFrame.new(-1.158325,2.009705,-3.945297,-0.953246,0.254691,-0.162648,0.171757,0.899461,0.401833,0.248639,0.355109,-0.901152), FOV = 70.0000},
	{CFrame.new(-0.974258,1.910706,-3.886559,-0.959881,0.239133,-0.146438,0.163172,0.901052,0.401847,0.228043,0.361830,-0.903922), FOV = 70.0000},
	{CFrame.new(-0.790192,1.811707,-3.827827,-0.965983,0.223537,-0.130032,0.154731,0.902480,0.401980,0.207208,0.368186,-0.906368), FOV = 70.0000},
	{CFrame.new(-0.606110,1.712677,-3.769089,-0.971547,0.207913,-0.113438,0.146439,0.903751,0.402232,0.186149,0.374175,-0.908483), FOV = 70.0000},
	{CFrame.new(-0.422028,1.613678,-3.710342,-0.976570,0.192269,-0.096664,0.138301,0.904869,0.402598,0.164875,0.379796,-0.910259), FOV = 70.0000},
	{CFrame.new(-0.185226,1.507233,-3.621193,-0.983165,0.169046,-0.069346,0.127335,0.906089,0.403470,0.131039,0.387848,-0.912361), FOV = 70.0000},
	{CFrame.new(0.051590,1.400757,-3.532043,-0.988431,0.145831,-0.041692,0.116755,0.907021,0.404575,0.096815,0.395026,-0.913554), FOV = 70.0000},
	{CFrame.new(0.288391,1.294281,-3.442886,-0.992354,0.122658,-0.013742,0.106572,0.907684,0.405898,0.062260,0.401330,-0.913815), FOV = 70.0000},
	{CFrame.new(0.525162,1.187836,-3.353745,-0.994926,0.099565,0.014464,0.096799,0.908093,0.407428,0.027431,0.406760,-0.913123), FOV = 70.0000},
	{CFrame.new(0.651535,1.140778,-3.299820,-0.995767,0.085925,0.032645,0.091756,0.908167,0.408428,0.005447,0.409694,-0.912207), FOV = 70.0000},
	{CFrame.new(0.777893,1.093719,-3.245918,-0.996116,0.072173,0.050440,0.086540,0.908168,0.409562,-0.016249,0.412337,-0.910887), FOV = 70.0000},
	{CFrame.new(0.904266,1.046661,-3.192009,-0.995976,0.058261,0.068102,0.081211,0.908092,0.410820,-0.037908,0.414697,-0.909169), FOV = 70.0000},
	{CFrame.new(1.030655,0.999573,-3.138077,-0.995347,0.044191,0.085625,0.075770,0.907936,0.412203,-0.059526,0.416773,-0.907059), FOV = 70.0000},
	{CFrame.new(1.333511,0.902008,-2.998962,-0.991068,0.009635,0.133008,0.064606,0.907215,0.415678,-0.116661,0.420558,-0.899734), FOV = 70.0000},
